67126881188552864,20070826,1352.00,1352.00,10429,437402390,591427151280.00,1350.00,1359.00,1350.00,1350.00
67126881188552864,20070827,1379.00,1379.00,1887,14030185,19347625115.00,1379.00,1379.00,1352.00,1379.00
67126881188552864,20070828,1403.00,1403.00,7137,102663438,144131253978.00,1370.00,1406.00,1379.00,1406.00
67126881188552864,20070901,1429.00,1429.00,1468,18758591,26814720068.00,1407.00,1431.00,1403.00,1420.00
67126881188552864,20070902,1457.00,1457.00,241,3259796,4749522772.00,1457.00,1457.00,1429.00,1457.00
67126881188552864,20070903,1486.00,1486.00,752,8103085,12041184310.00,1486.00,1486.00,1457.00,1486.00
67126881188552864,20070904,1515.00,1515.00,565,5228536,7921232040.00,1515.00,1515.00,1486.00,1515.00
67126881188552864,20070905,1518.00,1518.00,78,310856,480272250.00,1518.00,1545.00,1515.00,1545.00
67126881188552864,20070908,1548.00,1548.00,467,3206994,4964426712.00,1548.00,1548.00,1518.00,1548.00
67126881188552864,20070909,1572.00,1572.00,491,2561055,4041344730.00,1572.00,1578.00,1548.00,1578.00
67126881188552864,20070910,1594.00,1594.00,483,2259723,3622335879.00,1594.00,1603.00,1572.00,1603.00
67126881188552864,20070911,1609.00,1609.00,834,12579215,17418052245.00,1352.00,1625.00,1594.00,1625.00
67126881188552864,20070912,1641.00,1641.00,667,3404999,5587603359.00,1641.00,1641.00,1609.00,1641.00
67126881188552864,20070915,1655.00,1655.00,2764,38678662,64045406944.00,1609.00,1673.00,1641.00,1673.00
67126881188552864,20070916,1654.00,1654.00,23,98588,159910056.00,1622.00,1654.00,1655.00,1622.00
67126881188552864,20070917,1653.00,1653.00,18,51524,83520724.00,1621.00,1653.00,1654.00,1621.00
67126881188552864,20070918,1652.00,1652.00,39,137102,222105560.00,1620.00,1652.00,1653.00,1620.00
67126881188552864,20070919,1651.00,1651.00,18,73280,118640640.00,1619.00,1651.00,1652.00,1619.00
67126881188552864,20070922,1650.00,1650.00,245,4542840,6172762700.00,1352.00,1650.00,1651.00,1618.00
67126881188552864,20070923,1648.00,1648.00,40,236544,382491958.00,1617.00,1648.00,1650.00,1617.00
67126881188552864,20070924,1647.00,1647.00,16,109924,177637494.00,1616.00,1647.00,1648.00,1616.00
67126881188552864,20070925,1647.00,1647.00,8,32574,52607330.00,1615.00,1647.00,1647.00,1615.00
67126881188552864,20070926,1615.00,1615.00,113,3330601,5378920615.00,1615.00,1615.00,1647.00,1615.00
67126881188552864,20070929,1583.00,1583.00,242,4120623,6522946209.00,1583.00,1583.00,1615.00,1583.00
67126881188552864,20070930,1552.00,1552.00,140,3226761,5007933072.00,1552.00,1552.00,1583.00,1552.00
67126881188552864,20071001,1552.00,1552.00,19,35684,54275674.00,1521.00,1552.00,1552.00,1521.00
67126881188552864,20071002,1552.00,1552.00,14,30192,45922342.00,1521.00,1552.00,1552.00,1521.00
67126881188552864,20071006,1551.00,1551.00,11,119490,181744590.00,1521.00,1551.00,1552.00,1521.00
67126881188552864,20071007,1551.00,1551.00,6,14327,21777350.00,1520.00,1551.00,1551.00,1520.00
67126881188552864,20071008,1551.00,1551.00,5,4778,7262870.00,1520.00,1551.00,1551.00,1520.00
67126881188552864,20071009,1551.00,1551.00,9,6026,9159830.00,1520.00,1551.00,1551.00,1520.00
67126881188552864,20071010,1551.00,1551.00,7,13436,20423030.00,1520.00,1551.00,1551.00,1520.00
67126881188552864,20071014,1520.00,1520.00,97,3178341,4831078320.00,1520.00,1520.00,1551.00,1520.00
67126881188552864,20071015,1519.00,1519.00,14,85780,127812490.00,1490.00,1519.00,1520.00,1490.00
67126881188552864,20071016,1518.00,1518.00,11,88461,131718719.00,1489.00,1518.00,1519.00,1489.00
67126881188552864,20071017,1518.00,1518.00,55,1824524,2468266892.00,1352.00,1518.00,1518.00,1488.00
67126881188552864,20071020,1518.00,1518.00,4,4610,6859980.00,1488.00,1518.00,1518.00,1488.00
67126881188552864,20071021,1518.00,1518.00,3,1333,1983804.00,1488.00,1518.00,1518.00,1488.00
67126881188552864,20071022,1518.00,1518.00,2,2684,3994092.00,1488.00,1518.00,1518.00,1488.00
67126881188552864,20071024,1518.00,1518.00,2,6690,9955020.00,1488.00,1518.00,1518.00,1488.00
67126881188552864,20071027,1518.00,1518.00,3,1286,1913868.00,1488.00,1518.00,1518.00,1488.00
67126881188552864,20071028,1518.00,1518.00,2,810,1205580.00,1488.00,1518.00,1518.00,1488.00
67126881188552864,20071029,1518.00,1518.00,2,1005,1495740.00,1488.00,1518.00,1518.00,1488.00
67126881188552864,20071030,1488.00,1488.00,2,1100,1636800.00,1488.00,1488.00,1518.00,1488.00
67126881188552864,20071031,1459.00,1459.00,45,1515176,2210641784.00,1459.00,1459.00,1488.00,1459.00
67126881188552864,20071103,1430.00,1430.00,5,108776,155549680.00,1430.00,1430.00,1459.00,1430.00
67126881188552864,20071104,1430.00,1430.00,4,13514,18946908.00,1402.00,1430.00,1430.00,1402.00
67126881188552864,20071105,1430.00,1430.00,2,14204,19914288.00,1402.00,1430.00,1430.00,1402.00
67126881188552864,20071107,1430.00,1430.00,2,3010,4220300.00,1402.00,1430.00,1430.00,1402.00
67126881188552864,20071110,1430.00,1430.00,3,8300,11636880.00,1402.00,1430.00,1430.00,1402.00
67126881188552864,20071111,1430.00,1430.00,5,14920,20918120.00,1402.00,1430.00,1430.00,1402.00
67126881188552864,20071112,1430.00,1430.00,5,7742,10854564.00,1402.00,1430.00,1430.00,1402.00
67126881188552864,20071113,1430.00,1430.00,5,2430,3407140.00,1402.00,1430.00,1430.00,1402.00
67126881188552864,20071114,1430.00,1430.00,3,1421,1992522.00,1402.00,1430.00,1430.00,1402.00
67126881188552864,20071117,1415.00,1415.00,52,1700010,2383414150.00,1402.00,1415.00,1430.00,1402.00
67126881188552864,20071120,1415.00,1415.00,4,15357,21300439.00,1387.00,1415.00,1415.00,1387.00
67126881188552864,20071126,1415.00,1415.00,3,530,735390.00,1387.00,1415.00,1415.00,1387.00
67126881188552864,20071128,1387.00,1387.00,92,3178260,4408246620.00,1387.00,1387.00,1415.00,1387.00
67126881188552864,20071202,1377.00,1377.00,40,1200020,1632027370.00,1360.00,1377.00,1387.00,1360.00
67126881188552864,20071203,1350.00,1350.00,10002,292213409,394489237209.00,1350.00,1358.00,1377.00,1350.00
67126881188552864,20071204,1349.00,1349.00,808,14086288,19010880296.00,1323.00,1351.00,1350.00,1350.00
67126881188552864,20071205,1350.00,1350.00,291,5566026,7514462078.00,1350.00,1352.00,1349.00,1350.00
67126881188552864,20071208,1350.00,1350.00,137,1307028,1764588176.00,1350.00,1352.00,1350.00,1350.00
67126881188552864,20071209,1350.00,1350.00,88,705903,953549221.00,1350.00,1360.00,1350.00,1350.00
67126881188552864,20071210,1350.00,1350.00,134,1286077,1736490715.00,1350.00,1351.00,1350.00,1351.00
67126881188552864,20071211,1349.00,1349.00,297,4174820,5635788929.00,1323.00,1352.00,1350.00,1350.00
67126881188552864,20071212,1347.00,1347.00,38,196819,260562410.00,1323.00,1347.00,1349.00,1346.00
67126881188552864,20071215,1346.00,1346.00,272,4441115,5980379133.00,1321.00,1351.00,1347.00,1321.00
67126881188552864,20071216,1347.00,1347.00,97,1969826,2656614996.00,1323.00,1350.00,1346.00,1350.00
67126881188552864,20071217,1345.00,1345.00,64,651295,869653934.00,1321.00,1345.00,1347.00,1339.00
67126881188552864,20071218,1342.00,1342.00,53,450744,595495255.00,1319.00,1342.00,1345.00,1328.00
67126881188552864,20071225,1341.00,1341.00,12,80010,105293410.00,1316.00,1341.00,1342.00,1316.00
67126881188552864,20071226,1341.00,1341.00,3,3153,4149455.00,1315.00,1341.00,1341.00,1316.00
67126881188552864,20071231,1331.00,1331.00,117,1269175,1668965285.00,1315.00,1331.00,1341.00,1315.00
67126881188552864,20080101,1325.00,1325.00,73,784023,1024660215.00,1305.00,1325.00,1331.00,1305.00
67126881188552864,20080102,1321.00,1321.00,44,548025,712219813.00,1299.00,1321.00,1325.00,1305.00
67126881188552864,20080105,1312.00,1312.00,89,1097306,1421020624.00,1295.00,1312.00,1321.00,1299.00
67126881188552864,20080106,1308.00,1308.00,82,529522,680965512.00,1286.00,1308.00,1312.00,1286.00
67126881188552864,20080108,1303.00,1303.00,66,568308,728571066.00,1282.00,1303.00,1308.00,1282.00
67126881188552864,20080109,1299.00,1299.00,71,475781,607593299.00,1277.00,1299.00,1303.00,1277.00
67126881188552864,20080112,1299.00,1299.00,96,1566313,2037380987.00,1274.00,1324.00,1299.00,1274.00
67126881188552864,20080113,1299.00,1299.00,20,115747,150597852.00,1290.00,1310.00,1299.00,1299.00
67126881188552864,20080114,1299.00,1299.00,32,122310,160457471.00,1299.00,1319.00,1299.00,1316.00
67126881188552864,20080115,1299.00,1299.00,47,288849,374861870.00,1283.00,1318.00,1299.00,1299.00
67126881188552864,20080116,1298.00,1298.00,38,248492,319891290.00,1279.00,1299.00,1299.00,1282.00
67126881188552864,20080120,1298.00,1298.00,47,238807,310688188.00,1290.00,1319.00,1298.00,1300.00
67126881188552864,20080121,1300.00,1300.00,34,251296,331892620.00,1300.00,1323.00,1298.00,1323.00
67126881188552864,20080122,1302.00,1302.00,50,418081,551329335.00,1301.00,1326.00,1300.00,1326.00
67126881188552864,20080123,1304.00,1304.00,36,446968,588881121.00,1301.00,1328.00,1302.00,1301.00
67126881188552864,20080126,1305.00,1305.00,33,181560,239552180.00,1305.00,1330.00,1304.00,1330.00
67126881188552864,20080127,1306.00,1306.00,25,191834,253149690.00,1306.00,1325.00,1305.00,1320.00
67126881188552864,20080128,1307.00,1307.00,21,117377,154972281.00,1307.00,1329.00,1306.00,1323.00
67126881188552864,20080129,1308.00,1308.00,37,253585,334590057.00,1308.00,1329.00,1307.00,1320.00
67126881188552864,20080130,1309.00,1309.00,62,523127,688751358.00,1299.00,1325.00,1308.00,1319.00
67126881188552864,20080202,1307.00,1307.00,47,397834,514807908.00,1284.00,1310.00,1309.00,1300.00
67126881188552864,20080203,1305.00,1305.00,41,273347,350451315.00,1281.00,1305.00,1307.00,1285.00
67126881188552864,20080204,1305.00,1305.00,54,567702,740788093.00,1280.00,1331.00,1305.00,1280.00
67126881188552864,20080205,1303.00,1303.00,47,470036,606780330.00,1279.00,1310.00,1305.00,1298.00
67126881188552864,20080206,1302.00,1302.00,59,855567,1111100401.00,1277.00,1310.00,1303.00,1279.00
67126881188552864,20080209,1302.00,1302.00,37,376753,489448570.00,1276.00,1309.00,1302.00,1280.00
67126881188552864,20080210,1301.00,1301.00,37,287189,371262263.00,1276.00,1309.00,1302.00,1277.00
67126881188552864,20080212,1300.00,1300.00,23,163777,208815925.00,1275.00,1300.00,1301.00,1275.00
67126881188552864,20080213,1300.00,1300.00,7,50970,65740240.00,1288.00,1300.00,1300.00,1294.00
67126881188552864,20080216,1300.00,1300.00,10,38559,49180426.00,1274.00,1300.00,1300.00,1288.00
67126881188552864,20080218,1300.00,1300.00,3,9455,12045930.00,1274.00,1300.00,1300.00,1274.00
67126881188552864,20080220,1300.00,1300.00,4,18896,24073764.00,1274.00,1300.00,1300.00,1274.00
67126881188552864,20080223,1283.00,1283.00,137,2066064,2632165626.00,1274.00,1283.00,1300.00,1274.00
67126881188552864,20080224,1279.00,1279.00,43,458547,576852336.00,1258.00,1279.00,1283.00,1258.00
67126881188552864,20080225,1278.00,1278.00,19,118667,148808658.00,1254.00,1278.00,1279.00,1254.00
67126881188552864,20080226,1298.00,1298.00,109,3793210,4924316693.00,1253.00,1303.00,1278.00,1267.00
67126881188552864,20080227,1297.00,1297.00,12,73010,92951970.00,1273.00,1297.00,1298.00,1273.00
67126881188552864,20080301,1296.00,1296.00,27,99263,126269028.00,1272.00,1296.00,1297.00,1272.00
67126881188552864,20080302,1295.00,1295.00,23,123401,156844002.00,1271.00,1295.00,1296.00,1271.00
67126881188552864,20080303,1295.00,1295.00,2,2010,2552950.00,1270.00,1295.00,1295.00,1270.00
67126881188552864,20080304,1295.00,1295.00,4,4360,5537450.00,1270.00,1295.00,1295.00,1270.00
67126881188552864,20080309,1295.00,1295.00,2,7060,8966450.00,1270.00,1295.00,1295.00,1270.00
67126881188552864,20080310,1295.00,1295.00,3,4594,5834630.00,1270.00,1295.00,1295.00,1270.00
67126881188552864,20080311,1295.00,1295.00,2,1575,2000500.00,1270.00,1295.00,1295.00,1270.00
67126881188552864,20080312,1295.00,1295.00,4,5435,6902700.00,1270.00,1295.00,1295.00,1270.00
67126881188552864,20080315,1294.00,1294.00,17,148870,189065140.00,1270.00,1294.00,1295.00,1270.00
67126881188552864,20080405,1294.00,1294.00,2,30,38320.00,1269.00,1294.00,1294.00,1269.00
67126881188552864,20080412,1294.00,1294.00,2,2510,3185440.00,1269.00,1294.00,1294.00,1269.00
67126881188552864,20080415,1294.00,1294.00,2,3930,4987420.00,1269.00,1294.00,1294.00,1269.00
67126881188552864,20080419,1269.00,1269.00,1,100,126900.00,1269.00,1269.00,1294.00,1269.00
67126881188552864,20080420,1244.00,1244.00,1,100,124400.00,1244.00,1244.00,1269.00,1244.00
67126881188552864,20080422,1244.00,1244.00,2,1010,1232440.00,1220.00,1244.00,1244.00,1220.00
67126881188552864,20080429,1229.00,1229.00,165,1964186,2396307010.00,1220.00,1229.00,1244.00,1220.00
67126881188552864,20080430,1228.00,1228.00,23,177680,215372362.00,1205.00,1229.00,1229.00,1229.00
67126881188552864,20080503,1227.00,1227.00,24,85347,102759046.00,1204.00,1227.00,1228.00,1204.00
67126881188552864,20080504,1227.00,1227.00,2,2486,2990898.00,1203.00,1227.00,1227.00,1203.00
67126881188552864,20080506,1227.00,1227.00,2,110,132570.00,1203.00,1227.00,1227.00,1203.00
67126881188552864,20080507,1223.00,1223.00,85,538513,647831339.00,1203.00,1223.00,1227.00,1203.00
67126881188552864,20080510,1223.00,1223.00,3,1030,1265810.00,1223.00,1229.00,1223.00,1229.00
67126881188552864,20080511,1222.00,1222.00,91,405895,494051794.00,1187.00,1225.00,1223.00,1187.00
67126881188552864,20080512,1222.00,1222.00,5,12518,14846708.00,1186.00,1222.00,1222.00,1186.00
67126881188552864,20080513,1221.00,1221.00,50,208938,253195018.00,1186.00,1253.00,1222.00,1186.00
67126881188552864,20080514,1230.00,1230.00,118,932947,1169393689.00,1230.00,1257.00,1221.00,1253.00
67126881188552864,20080517,1233.00,1233.00,52,227779,288367884.00,1233.00,1266.00,1230.00,1266.00
67126881188552864,20080518,1236.00,1236.00,46,272888,346294542.00,1236.00,1269.00,1233.00,1269.00
67126881188552864,20080519,1240.00,1240.00,30,422995,537559966.00,1240.00,1273.00,1236.00,1268.00
67126881188552864,20080520,1251.00,1251.00,52,908156,1159714952.00,1251.00,1277.00,1240.00,1277.00
67126881188552864,20080521,1251.00,1251.00,10,34085,42939689.00,1251.00,1287.00,1251.00,1287.00
67126881188552864,20080524,1251.00,1251.00,18,185280,231787052.00,1251.00,1260.00,1251.00,1251.00
67126881188552864,20080525,1250.00,1250.00,9,64503,79075246.00,1214.00,1251.00,1251.00,1251.00
67126881188552864,20080526,1250.00,1250.00,2,3010,3651500.00,1213.00,1250.00,1250.00,1213.00
67126881188552864,20080602,1250.00,1250.00,5,8212,9961526.00,1213.00,1250.00,1250.00,1213.00
67126881188552864,20080608,1250.00,1250.00,2,60,73150.00,1213.00,1250.00,1250.00,1213.00
67126881188552864,20080611,1250.00,1250.00,2,830,1007160.00,1213.00,1250.00,1250.00,1213.00
67126881188552864,20080617,1250.00,1250.00,8,39259,47621537.00,1213.00,1250.00,1250.00,1213.00
67126881188552864,20080624,1250.00,1250.00,2,536633433,362764206448.00,676.00,1250.00,1250.00,676.00
67126881188552864,20080625,1250.00,1250.00,2,1640,1989690.00,1213.00,1250.00,1250.00,1213.00
67126881188552864,20080628,1250.00,1250.00,2,158,192024.00,1213.00,1250.00,1250.00,1213.00
67126881188552864,20080630,1250.00,1250.00,2,169366587,114491818552.00,676.00,1250.00,1250.00,676.00
67126881188552864,20080702,1246.00,1246.00,54,340010,412432460.00,1213.00,1246.00,1250.00,1213.00
67126881188552864,20080705,1246.00,1246.00,3,20020,24204550.00,1209.00,1246.00,1246.00,1209.00
67126881188552864,20080706,1227.00,1227.00,255,1917171,2330251357.00,1209.00,1283.00,1246.00,1213.00
67126881188552864,20080707,1236.00,1236.00,156,670716867,453848429587.00,676.00,1263.00,1227.00,1263.00
67126881188552864,20080708,1239.00,1239.00,75,300866,381862551.00,1239.00,1273.00,1236.00,1240.00
67126881188552864,20080709,1241.00,1241.00,51,197718,250907128.00,1240.00,1276.00,1239.00,1276.00
67126881188552864,20080712,1240.00,1240.00,107,593642,735178393.00,1204.00,1254.00,1241.00,1240.00
67126881188552864,20080713,1238.00,1238.00,55,264882,322410725.00,1203.00,1256.00,1240.00,1256.00
67126881188552864,20080714,1239.00,1239.00,94,162725218,212490947227.00,1176.00,1352.00,1238.00,1240.00
67126881188552864,20080721,1133.00,1133.00,104,734191,832472461.00,1100.00,1150.00,1239.00,1100.00
67126881188552864,20080722,1131.00,1131.00,34,151019,166121210.00,1100.00,1131.00,1133.00,1100.00
67126881188552864,20080723,1131.00,1131.00,4,5810,6379710.00,1098.00,1131.00,1131.00,1098.00
67126881188552864,20080729,1126.00,1126.00,98,443652,487130176.00,1098.00,1126.00,1131.00,1098.00
67126881188552864,20080804,1126.00,1126.00,2,5927,6478541.00,1093.00,1126.00,1126.00,1093.00
67126881188552864,20080810,1093.00,1093.00,1,1000,1093000.00,1093.00,1093.00,1126.00,1093.00
67126881188552864,20080811,1061.00,1061.00,1,500,530500.00,1061.00,1061.00,1093.00,1061.00
67126881188552864,20080812,1061.00,1061.00,7,39330,40510210.00,1030.00,1061.00,1061.00,1030.00
67126881188552864,20080914,1019.00,1019.00,249,1348386,1374879552.00,971.00,1093.00,1061.00,1030.00
67126881188552864,20080915,1017.00,1017.00,69,481107,485654148.00,989.00,1049.00,1019.00,993.00
67126881188552864,20080916,1014.00,1014.00,104,576035,576185829.00,988.00,1017.00,1017.00,1017.00
67126881188552864,20080917,1014.00,1014.00,10,46606,45900604.00,984.00,1014.00,1014.00,988.00
67126881188552864,20080920,989.00,989.00,361,2636010,2593833890.00,984.00,989.00,1014.00,984.00
67126881188552864,20080921,989.00,989.00,15,70161,69321068.00,960.00,1018.00,989.00,961.00
67126881188552864,20080923,992.00,992.00,62,279140,284164260.00,992.00,1018.00,989.00,1018.00
67126881188552864,20080924,993.00,993.00,43,138932,141744280.00,993.00,1021.00,992.00,1021.00
67126881188552864,20080927,996.00,996.00,42,333610,340743560.00,996.00,1022.00,993.00,1022.00
67126881188552864,20080928,998.00,998.00,45,197074,202000580.00,998.00,1025.00,996.00,1025.00
67126881188552864,20080929,999.00,999.00,44,203331,207674591.00,999.00,1027.00,998.00,1023.00
67126881188552864,20080930,999.00,999.00,45,194494,195313308.00,999.00,1019.00,999.00,999.00
67126881188552864,20081004,998.00,998.00,28,99439,97439415.00,970.00,999.00,999.00,999.00
67126881188552864,20081005,999.00,999.00,37,259968,261880071.00,991.00,1027.00,998.00,1000.00
67126881188552864,20081006,1000.00,1000.00,24,167010,168823084.00,992.00,1027.00,999.00,1000.00
67126881188552864,20081007,1000.00,1000.00,8,50777,50896734.00,1000.00,1003.00,1000.00,1003.00
67126881188552864,20081008,1000.00,1000.00,44,189575,189651497.00,1000.00,1010.00,1000.00,1006.00
67126881188552864,20081011,1000.00,1000.00,106,551997,553208363.00,991.00,1030.00,1000.00,1003.00
67126881188552864,20081012,999.00,999.00,20,94993,92499656.00,971.00,999.00,1000.00,976.00
67126881188552864,20081013,999.00,999.00,8,25045,24449976.00,972.00,999.00,999.00,972.00
67126881188552864,20081014,999.00,999.00,13,56110,55708375.00,977.00,999.00,999.00,998.00
67126881188552864,20081015,999.00,999.00,14,183407,183272358.00,995.00,1000.00,999.00,1000.00
67126881188552864,20081018,999.00,999.00,8,30767,30424177.00,983.00,999.00,999.00,983.00
67126881188552864,20081019,999.00,999.00,7,50010,49209990.00,981.00,999.00,999.00,981.00
67126881188552864,20081020,999.00,999.00,11,35891,35161587.00,976.00,999.00,999.00,981.00
67126881188552864,20081021,999.00,999.00,40,194180,194003078.00,996.00,1000.00,999.00,998.00
67126881188552864,20081022,999.00,999.00,31,186736,186430701.00,989.00,1000.00,999.00,990.00
67126881188552864,20081026,999.00,999.00,12,41807,40714703.00,970.00,999.00,999.00,999.00
67126881188552864,20081027,999.00,999.00,27,140000,139562920.00,990.00,999.00,999.00,995.00
67126881188552864,20081028,999.00,999.00,13,78491,77486515.00,985.00,999.00,999.00,999.00
67126881188552864,20081029,999.00,999.00,13,57388,56675725.00,981.00,999.00,999.00,999.00
67126881188552864,20081102,999.00,999.00,6,11600,11482065.00,982.00,999.00,999.00,982.00
67126881188552864,20081103,1006.00,1006.00,113,1579481,1610497835.00,994.00,1028.00,999.00,1000.00
67126881188552864,20081104,1007.00,1007.00,23,107874,111757174.00,1007.00,1036.00,1006.00,1036.00
67126881188552864,20081105,1008.00,1008.00,9,61797,64083199.00,1008.00,1037.00,1007.00,1037.00
67126881188552864,20081108,1008.00,1008.00,9,42934,44565192.00,1008.00,1038.00,1008.00,1038.00
67126881188552864,20081109,1008.00,1008.00,4,30241,31389858.00,1008.00,1038.00,1008.00,1038.00
67126881188552864,20081110,1008.00,1008.00,10,45807,47547366.00,1008.00,1038.00,1008.00,1038.00
67126881188552864,20081111,1008.00,1008.00,7,22623,23482374.00,1008.00,1038.00,1008.00,1038.00
67126881188552864,20081112,1012.00,1012.00,41,371213,385318834.00,1012.00,1038.00,1008.00,1038.00
67126881188552864,20081115,1012.00,1012.00,3,11081,11546102.00,1012.00,1042.00,1012.00,1042.00
67126881188552864,20081116,1014.00,1014.00,23,197115,205393550.00,1014.00,1042.00,1012.00,1042.00
67126881188552864,20081117,1014.00,1014.00,4,16841,17581704.00,1014.00,1044.00,1014.00,1044.00
67126881188552864,20081118,1015.00,1015.00,14,139183,145306762.00,1015.00,1044.00,1014.00,1044.00
67126881188552864,20081122,1016.00,1016.00,13,116968,122231270.00,1016.00,1045.00,1015.00,1045.00
67126881188552864,20081123,1016.00,1016.00,5,25090,26243840.00,1016.00,1046.00,1016.00,1046.00
67126881188552864,20081124,1016.00,1016.00,4,16248,16995108.00,1016.00,1046.00,1016.00,1046.00
67126881188552864,20081125,1017.00,1017.00,5,59692,62437542.00,1017.00,1046.00,1016.00,1046.00
67126881188552864,20081126,1018.00,1018.00,10,88898,93075916.00,1018.00,1047.00,1017.00,1047.00
67126881188552864,20081129,1019.00,1019.00,11,158540,166149630.00,1019.00,1048.00,1018.00,1048.00
67126881188552864,20081130,1020.00,1020.00,11,103246,108304764.00,1020.00,1049.00,1019.00,1049.00
67126881188552864,20081201,1021.00,1021.00,6,71010,74560210.00,1021.00,1050.00,1020.00,1050.00
67126881188552864,20081202,1022.00,1022.00,11,77174,81109584.00,1022.00,1051.00,1021.00,1051.00
67126881188552864,20081203,1022.00,1022.00,6,12440,13086580.00,1022.00,1052.00,1022.00,1052.00
67126881188552864,20081206,1023.00,1052.00,7,83427,87765204.00,1052.00,1052.00,1022.00,1052.00
67126881188552864,20081207,1023.00,1053.00,6,50050,52702650.00,1053.00,1053.00,1023.00,1053.00
67126881188552864,20081208,1023.00,1053.00,5,27115,28552095.00,1053.00,1053.00,1023.00,1053.00
67126881188552864,20081210,1024.00,1053.00,12,107227,112910031.00,1053.00,1053.00,1023.00,1053.00
67126881188552864,20081213,1024.00,1054.00,2,12000,12648000.00,1054.00,1054.00,1024.00,1054.00
67126881188552864,20081214,1024.00,1054.00,5,37930,39978220.00,1054.00,1054.00,1024.00,1054.00
67126881188552864,20081215,1024.00,1054.00,0,0,0.00,0.00,0.00,1024.00,0.00
67126881188552864,20081216,1024.00,1054.00,3,20000,21080000.00,1054.00,1054.00,1024.00,1054.00
67126881188552864,20081220,1024.00,1054.00,2,18832,19848928.00,1054.00,1054.00,1024.00,1054.00
67126881188552864,20081221,1024.00,1054.00,7,38069,40124726.00,1054.00,1054.00,1024.00,1054.00
67126881188552864,20081222,1024.00,1054.00,1,3470,3657380.00,1054.00,1054.00,1024.00,1054.00
67126881188552864,20081223,1024.00,1054.00,3,11375,11989250.00,1054.00,1054.00,1024.00,1054.00
67126881188552864,20081224,1024.00,1054.00,5,34756,36632824.00,1054.00,1054.00,1024.00,1054.00
67126881188552864,20081227,1025.00,1054.00,8,107020,112799080.00,1054.00,1054.00,1024.00,1054.00
67126881188552864,20081228,1025.00,1055.00,2,8600,9073000.00,1055.00,1055.00,1025.00,1055.00
67126881188552864,20081229,1055.00,1055.00,2,3000,3165000.00,1055.00,1055.00,1025.00,1055.00
67126881188552864,20081230,1086.00,1086.00,44,1350010,1466110860.00,1086.00,1086.00,1055.00,1086.00
67126881188552864,20081231,1087.00,1118.00,6,103146,115317228.00,1118.00,1118.00,1086.00,1118.00
67126881188552864,20090103,1087.00,1118.00,0,0,0.00,0.00,0.00,1087.00,0.00
67126881188552864,20090104,1087.00,1119.00,4,20276,22688844.00,1119.00,1119.00,1087.00,1119.00
67126881188552864,20090105,1087.00,1119.00,2,144,161136.00,1119.00,1119.00,1087.00,1119.00
67126881188552864,20090110,1087.00,1119.00,2,18240,20410560.00,1119.00,1119.00,1087.00,1119.00
67126881188552864,20090111,1087.00,1119.00,0,0,0.00,0.00,0.00,1087.00,0.00
67126881188552864,20090112,1087.00,1119.00,0,0,0.00,0.00,0.00,1087.00,0.00
67126881188552864,20090113,1087.00,1119.00,0,0,0.00,0.00,0.00,1087.00,0.00
67126881188552864,20090114,1087.00,1119.00,0,0,0.00,0.00,0.00,1087.00,0.00
67126881188552864,20090117,1087.00,1119.00,0,0,0.00,0.00,0.00,1087.00,0.00
67126881188552864,20090118,1087.00,1119.00,0,0,0.00,0.00,0.00,1087.00,0.00
67126881188552864,20090119,1087.00,1119.00,0,0,0.00,0.00,0.00,1087.00,0.00
67126881188552864,20090120,1087.00,1119.00,0,0,0.00,0.00,0.00,1087.00,0.00
67126881188552864,20090121,1087.00,1119.00,0,0,0.00,0.00,0.00,1087.00,0.00
67126881188552864,20090124,1087.00,1119.00,0,0,0.00,0.00,0.00,1087.00,0.00
67126881188552864,20090125,1087.00,1119.00,0,0,0.00,0.00,0.00,1087.00,0.00
67126881188552864,20090126,1087.00,1119.00,0,0,0.00,0.00,0.00,1087.00,0.00
67126881188552864,20090127,1087.00,1119.00,0,0,0.00,0.00,0.00,1087.00,0.00
67126881188552864,20090128,1087.00,1119.00,0,0,0.00,0.00,0.00,1087.00,0.00
67126881188552864,20090131,1087.00,1119.00,5,41240,46147560.00,1119.00,1119.00,1087.00,1119.00
67126881188552864,20090201,1087.00,1119.00,2,35952,40230288.00,1119.00,1119.00,1087.00,1119.00
67126881188552864,20090202,1119.00,1119.00,2,380,425220.00,1119.00,1119.00,1087.00,1119.00
67126881188552864,20090203,1152.00,1152.00,1,5000,5760000.00,1152.00,1152.00,1119.00,1152.00
67126881188552864,20090204,1186.00,1186.00,4,17137,20324482.00,1186.00,1186.00,1152.00,1186.00
67126881188552864,20090207,1221.00,1221.00,17,272243,332408703.00,1221.00,1221.00,1186.00,1221.00
67126881188552864,20090208,1257.00,1257.00,247,3358937,4222116728.00,1256.00,1257.00,1221.00,1257.00
67126881188552864,20090209,1274.00,1294.00,91,1490579,1928561660.00,1290.00,1294.00,1257.00,1294.00
67126881188552864,20090211,1282.00,1312.00,38,658129,863465248.00,1312.00,1312.00,1274.00,1312.00
67126881188552864,20090214,1296.00,1320.00,65,1153601,1522753320.00,1320.00,1320.00,1282.00,1320.00
67126881188552864,20090215,1312.00,1314.00,200,2606438,3430155579.00,1259.00,1334.00,1296.00,1334.00
67126881188552864,20090217,1285.00,1274.00,108,2249542,2864534957.00,1273.00,1300.00,1312.00,1275.00
67126881188552864,20090218,1282.00,1271.00,29,275191,343467348.00,1247.00,1271.00,1285.00,1247.00
67126881188552864,20090221,1282.00,1270.00,10,88517,113106659.00,1270.00,1300.00,1282.00,1290.00
67126881188552864,20090222,1282.00,1270.00,0,0,0.00,0.00,0.00,1282.00,0.00
67126881188552864,20090223,1282.00,1270.00,0,0,0.00,0.00,0.00,1282.00,0.00
67126881188552864,20090225,1282.00,1270.00,0,0,0.00,0.00,0.00,1282.00,0.00
67126881188552864,20090228,1282.00,1270.00,0,0,0.00,0.00,0.00,1282.00,0.00
67126881188552864,20090301,1282.00,1270.00,0,0,0.00,0.00,0.00,1282.00,0.00
67126881188552864,20090302,1282.00,1270.00,0,0,0.00,0.00,0.00,1282.00,0.00
67126881188552864,20090303,1282.00,1270.00,0,0,0.00,0.00,0.00,1282.00,0.00
67126881188552864,20090304,1282.00,1270.00,0,0,0.00,0.00,0.00,1282.00,0.00
67126881188552864,20090307,1282.00,1270.00,0,0,0.00,0.00,0.00,1282.00,0.00
67126881188552864,20090308,1282.00,1270.00,0,0,0.00,0.00,0.00,1282.00,0.00
67126881188552864,20090309,1282.00,1270.00,0,0,0.00,0.00,0.00,1282.00,0.00
67126881188552864,20090310,1268.00,1268.00,162,1286593,1602792696.00,1244.00,1268.00,1282.00,1244.00
67126881188552864,20090311,1259.00,1230.00,72,718764,884322460.00,1230.00,1260.00,1268.00,1260.00
67126881188552864,20090314,1259.00,1222.00,5,17280,21116160.00,1222.00,1222.00,1259.00,1222.00
67126881188552864,20090316,1259.00,1222.00,0,0,0.00,0.00,0.00,1259.00,0.00
67126881188552864,20090317,1254.00,1296.00,70,1191763,1485060386.00,1222.00,1296.00,1259.00,1222.00
67126881188552864,20090318,1254.00,1291.00,3,11700,15104700.00,1291.00,1291.00,1254.00,1291.00
67126881188552864,20090325,1254.00,1291.00,0,0,0.00,0.00,0.00,1254.00,0.00
67126881188552864,20090328,1254.00,1291.00,3,28091,36265481.00,1291.00,1291.00,1254.00,1291.00
67126881188552864,20090329,1254.00,1291.00,1,10000,12910000.00,1291.00,1291.00,1254.00,1291.00
67126881188552864,20090330,1254.00,1291.00,0,0,0.00,0.00,0.00,1254.00,0.00
67126881188552864,20090331,1254.00,1291.00,3,9000,11619000.00,1291.00,1291.00,1254.00,1291.00
67126881188552864,20090404,1254.00,1291.00,0,0,0.00,0.00,0.00,1254.00,0.00
67126881188552864,20090405,1255.00,1291.00,5,52000,67132000.00,1291.00,1291.00,1254.00,1291.00
67126881188552864,20090406,1256.00,1292.00,11,117160,151370720.00,1292.00,1292.00,1255.00,1292.00
67126881188552864,20090407,1258.00,1293.00,12,185051,239270943.00,1293.00,1293.00,1256.00,1293.00
67126881188552864,20090408,1260.00,1295.00,13,188986,244736870.00,1295.00,1295.00,1258.00,1295.00
67126881188552864,20090411,1261.00,1297.00,9,65653,85151941.00,1297.00,1297.00,1260.00,1297.00
67126881188552864,20090412,1262.00,1298.00,8,59328,77007744.00,1298.00,1298.00,1261.00,1298.00
67126881188552864,20090413,1265.00,1299.00,24,226064,293657136.00,1299.00,1299.00,1262.00,1299.00
67126881188552864,20090414,1267.00,1302.00,37,142724,185826648.00,1302.00,1302.00,1265.00,1302.00
67126881188552864,20090415,1267.00,1305.00,11,33259,43402995.00,1305.00,1305.00,1267.00,1305.00
67126881188552864,20090418,1268.00,1305.00,6,68858,89859690.00,1305.00,1305.00,1267.00,1305.00
67126881188552864,20090419,1268.00,1305.00,0,0,0.00,0.00,0.00,1268.00,0.00
67126881188552864,20090420,1268.00,1306.00,3,20983,27403798.00,1306.00,1306.00,1268.00,1306.00
67126881188552864,20090421,1268.00,1306.00,3,28106,36706436.00,1306.00,1306.00,1268.00,1306.00
67126881188552864,20090422,1269.00,1306.00,9,110320,144077920.00,1306.00,1306.00,1268.00,1306.00
67126881188552864,20090425,1270.00,1307.00,5,70870,92627090.00,1307.00,1307.00,1269.00,1307.00
67126881188552864,20090426,1271.00,1308.00,6,71489,93507612.00,1308.00,1308.00,1270.00,1308.00
67126881188552864,20090427,1309.00,1309.00,1,100,130900.00,1309.00,1309.00,1271.00,1309.00
67126881188552864,20090428,1348.00,1348.00,3,11186,15078728.00,1348.00,1348.00,1309.00,1348.00
67126881188552864,20090429,1369.00,1388.00,126,1700153,2359812364.00,1388.00,1388.00,1348.00,1388.00
67126881188552864,20090502,1374.00,1410.00,47,396800,559488000.00,1410.00,1410.00,1369.00,1410.00
67126881188552864,20090503,1374.00,1415.00,6,7291,10316765.00,1415.00,1415.00,1374.00,1415.00
67126881188552864,20090504,1377.00,1415.00,31,195169,276164135.00,1415.00,1415.00,1374.00,1415.00
67126881188552864,20090505,1378.00,1418.00,8,66247,93938246.00,1418.00,1418.00,1377.00,1418.00
67126881188552864,20090506,1379.00,1419.00,4,39999,56758581.00,1419.00,1419.00,1378.00,1419.00
67126881188552864,20090509,1379.00,1420.00,3,26561,37716620.00,1420.00,1420.00,1379.00,1420.00
67126881188552864,20090510,1380.00,1420.00,10,59676,84739920.00,1420.00,1420.00,1379.00,1420.00
67126881188552864,20090511,1381.00,1421.00,8,107780,153155380.00,1421.00,1421.00,1380.00,1421.00
67126881188552864,20090512,1381.00,1422.00,1,10000,14220000.00,1422.00,1422.00,1381.00,1422.00
67126881188552864,20090513,1381.00,1422.00,5,10850,15428700.00,1422.00,1422.00,1381.00,1422.00
67126881188552864,20090516,1422.00,1422.00,5,38737,55084014.00,1422.00,1422.00,1381.00,1422.00
67126881188552864,20090517,1464.00,1464.00,16,78558,115008912.00,1464.00,1464.00,1422.00,1464.00
67126881188552864,20090518,1466.00,1507.00,14,139600,210377200.00,1507.00,1507.00,1464.00,1507.00
67126881188552864,20090519,1509.00,1509.00,6,32591,49179819.00,1509.00,1509.00,1466.00,1509.00
67126881188552864,20090520,1554.00,1554.00,4,41143,63936222.00,1554.00,1554.00,1509.00,1554.00
67126881188552864,20090523,1557.00,1600.00,28,230392,368627200.00,1600.00,1600.00,1554.00,1600.00
67126881188552864,20090524,1603.00,1603.00,164,1979098,3172493695.00,1602.00,1603.00,1557.00,1603.00
67126881188552864,20090525,1593.00,1555.00,123,1091180,1716375114.00,1555.00,1646.00,1603.00,1630.00
67126881188552864,20090526,1586.00,1579.00,76,464944,719530084.00,1546.00,1580.00,1593.00,1546.00
67126881188552864,20090527,1587.00,1593.00,40,208165,331914975.00,1585.00,1615.00,1586.00,1586.00
67126881188552864,20090530,1588.00,1590.00,56,366520,584013579.00,1587.00,1599.00,1587.00,1591.00
67126881188552864,20090531,1586.00,1555.00,27,214148,333607010.00,1555.00,1585.00,1588.00,1585.00
67126881188552864,20090601,1575.00,1545.00,93,786810,1213474047.00,1539.00,1569.00,1586.00,1560.00
67126881188552864,20090602,1575.00,1578.00,46,342310,538751535.00,1553.00,1592.00,1575.00,1556.00
67126881188552864,20090603,1584.00,1622.00,61,722929,1167782998.00,1598.00,1622.00,1575.00,1598.00
67126881188552864,20090606,1598.00,1631.00,113,1036694,1687995350.00,1603.00,1631.00,1584.00,1631.00
67126881188552864,20090607,1600.00,1634.00,34,180291,294954980.00,1606.00,1645.00,1598.00,1628.00
67126881188552864,20090608,1601.00,1644.00,25,120713,197445868.00,1620.00,1645.00,1600.00,1645.00
67126881188552864,20090609,1602.00,1586.00,28,208240,335993411.00,1586.00,1649.00,1601.00,1638.00
67126881188552864,20090610,1609.00,1650.00,42,453152,747363596.00,1627.00,1650.00,1602.00,1627.00
67126881188552864,20090613,1605.00,1561.00,50,405363,639088431.00,1561.00,1609.00,1609.00,1609.00
67126881188552864,20090614,1589.00,1559.00,66,1054584,1642220788.00,1557.00,1559.00,1605.00,1558.00
67126881188552864,20090615,1577.00,1544.00,74,901546,1393640316.00,1542.00,1558.00,1589.00,1558.00
67126881188552864,20090616,1572.00,1535.00,27,379311,582658921.00,1530.00,1560.00,1577.00,1534.00
67126881188552864,20090617,1573.00,1590.00,26,160155,255809623.00,1587.00,1619.00,1572.00,1589.00
67126881188552864,20090620,1574.00,1620.00,7,52574,84868770.00,1605.00,1620.00,1573.00,1620.00
67126881188552864,20090621,1576.00,1621.00,26,156667,253874792.00,1590.00,1621.00,1574.00,1590.00
67126881188552864,20090622,1578.00,1623.00,17,116086,188407578.00,1623.00,1623.00,1576.00,1623.00
67126881188552864,20090623,1583.00,1625.00,57,358946,583287250.00,1625.00,1625.00,1578.00,1625.00
67126881188552864,20090624,1586.00,1630.00,23,173137,282213310.00,1630.00,1630.00,1583.00,1630.00
67126881188552864,20090627,1586.00,1633.00,3,31378,51240274.00,1633.00,1633.00,1586.00,1633.00
67126881188552864,20090628,1587.00,1633.00,5,82832,135264656.00,1633.00,1633.00,1586.00,1633.00
67126881188552864,20090629,1588.00,1634.00,7,57514,93977876.00,1634.00,1634.00,1587.00,1634.00
67126881188552864,20090630,1635.00,1635.00,11,97448,159327480.00,1635.00,1635.00,1588.00,1635.00
67126881188552864,20090701,1684.00,1684.00,48,1055895,1778127180.00,1684.00,1684.00,1635.00,1684.00
67126881188552864,20090704,1686.00,1734.00,13,96823,167891082.00,1734.00,1734.00,1684.00,1734.00
67126881188552864,20090705,1688.00,1736.00,15,123354,214142544.00,1736.00,1736.00,1686.00,1736.00
67126881188552864,20090707,1688.00,1738.00,5,24457,42506266.00,1738.00,1738.00,1688.00,1738.00
67126881188552864,20090711,1695.00,1738.00,31,436819,759191422.00,1738.00,1738.00,1688.00,1738.00
67126881188552864,20090712,1745.00,1745.00,192,3269607,5704300215.00,1737.00,1745.00,1695.00,1745.00
67126881188552864,20090713,1781.00,1797.00,354,3549560,6321248246.00,1745.00,1797.00,1745.00,1787.00
67126881188552864,20090714,1781.00,1797.00,0,0,0.00,0.00,0.00,1781.00,0.00
67126881188552864,20090715,1781.00,1797.00,0,0,0.00,0.00,0.00,1781.00,0.00
67126881188552864,20090718,1781.00,1797.00,0,0,0.00,0.00,0.00,1781.00,0.00
67126881188552864,20090719,1781.00,1797.00,0,0,0.00,0.00,0.00,1781.00,0.00
67126881188552864,20090721,1819.00,1840.00,392,3666348,6670779005.00,1750.00,1862.00,1621.00,1780.00
67126881188552864,20090722,1831.00,1873.00,79,801875,1497514185.00,1820.00,1873.00,1819.00,1868.00
67126881188552864,20090725,1834.00,1885.00,15,166485,313824225.00,1885.00,1885.00,1831.00,1885.00
67126881188552864,20090726,1838.00,1889.00,22,217293,410466477.00,1889.00,1889.00,1834.00,1889.00
67126881188552864,20090727,1857.00,1893.00,33,1126103,2131712979.00,1893.00,1893.00,1838.00,1893.00
67126881188552864,20090728,1858.00,1912.00,13,81973,156732376.00,1912.00,1912.00,1857.00,1912.00
67126881188552864,20090729,1859.00,1913.00,8,44694,85499622.00,1913.00,1913.00,1858.00,1913.00
67126881188552864,20090801,1860.00,1914.00,4,76500,146421000.00,1914.00,1914.00,1859.00,1914.00
67126881188552864,20090802,1863.00,1915.00,14,199552,382142080.00,1915.00,1915.00,1860.00,1915.00
67126881188552864,20090803,1866.00,1918.00,20,169505,325110590.00,1918.00,1918.00,1863.00,1918.00
67126881188552864,20090804,1868.00,1921.00,10,100798,193632958.00,1921.00,1921.00,1866.00,1921.00
67126881188552864,20090805,1869.00,1924.00,16,68064,130955136.00,1924.00,1924.00,1868.00,1924.00
67126881188552864,20090808,1925.00,1925.00,230,10292402,19812873850.00,1925.00,1925.00,1869.00,1925.00
67126881188552864,20090809,1982.00,1982.00,223,10086172,19990792904.00,1982.00,1982.00,1925.00,1982.00
67126881188552864,20090810,2040.00,2041.00,1697,44891985,91571982849.00,1995.00,2041.00,1982.00,2041.00
67126881188552864,20090811,2101.00,2101.00,686,16356480,34363116780.00,2094.00,2101.00,2040.00,2101.00
67126881188552864,20090812,2155.00,2164.00,139,2737730,5924447720.00,2164.00,2164.00,2101.00,2164.00
67126881188552864,20090815,2159.00,2219.00,17,194405,431384695.00,2219.00,2219.00,2155.00,2219.00
67126881188552864,20090816,2223.00,2223.00,1165,39137366,87002364618.00,2223.00,2223.00,2159.00,2223.00
67126881188552864,20090817,2271.00,2179.00,2448,45204690,102663373615.00,2157.00,2289.00,2223.00,2289.00
67126881188552864,20090818,2264.00,2203.00,22,323390,712428170.00,2203.00,2203.00,2271.00,2203.00
67126881188552864,20090819,2197.00,2197.00,760,15729628,34561187446.00,2197.00,2220.00,2264.00,2197.00
67126881188552864,20090822,2251.00,2250.00,1242,11895923,26771888267.00,2171.00,2262.00,2197.00,2171.00
67126881188552864,20090823,2190.00,2184.00,847,14155776,31003414093.00,2184.00,2297.00,2251.00,2297.00
67126881188552864,20090824,2236.00,2255.00,681,10067699,22508663323.00,2170.00,2255.00,2190.00,2234.00
67126881188552864,20090825,2303.00,2303.00,407,7245206,16685534418.00,2301.00,2303.00,2236.00,2303.00
67126881188552864,20090826,2318.00,2372.00,58,696048,1651025856.00,2372.00,2372.00,2303.00,2372.00
67126881188552864,20090829,2374.00,2320.00,1466,24729632,58697248309.00,2250.00,2387.00,2318.00,2387.00
67126881188552864,20090830,2364.00,2303.00,55,474284,1094064188.00,2303.00,2313.00,2374.00,2312.00
67126881188552864,20090831,2300.00,2294.00,829,12918749,29711138428.00,2294.00,2350.00,2364.00,2294.00
67126881188552864,20090901,2335.00,2299.00,567,6497914,15171939367.00,2270.00,2369.00,2300.00,2369.00
67126881188552864,20090902,2324.00,2265.00,65,513033,1163764430.00,2265.00,2300.00,2335.00,2290.00
67126881188552864,20090905,2301.00,2255.00,101,1139611,2574025785.00,2255.00,2268.00,2324.00,2265.00
67126881188552864,20090906,2300.00,2232.00,10,47554,106140528.00,2232.00,2232.00,2301.00,2232.00
67126881188552864,20090907,2300.00,2231.00,4,18920,42210520.00,2231.00,2231.00,2300.00,2231.00
67126881188552864,20090908,2300.00,2231.00,0,0,0.00,0.00,0.00,2300.00,0.00
67126881188552864,20090909,2244.00,2231.00,83,2591783,5782267873.00,2231.00,2231.00,2300.00,2231.00
67126881188552864,20090912,2244.00,2244.00,0,0,0.00,0.00,0.00,2244.00,2193.00
67126881188552864,20090913,2243.00,2177.00,10,68452,149020004.00,2177.00,2177.00,2244.00,2177.00
67126881188552864,20090914,2242.00,2176.00,5,40540,88215040.00,2176.00,2176.00,2243.00,2176.00
67126881188552864,20090915,2242.00,2175.00,1,2286,4972050.00,2175.00,2175.00,2242.00,2175.00
67126881188552864,20090916,2242.00,2175.00,0,0,0.00,0.00,0.00,2242.00,0.00
67126881188552864,20090919,2242.00,2175.00,2,577,1254975.00,2175.00,2175.00,2242.00,2175.00
67126881188552864,20090920,2242.00,2175.00,0,0,0.00,0.00,0.00,2242.00,0.00
67126881188552864,20090921,2242.00,2175.00,4,14859,32318325.00,2175.00,2175.00,2242.00,2175.00
67126881188552864,20090922,2198.00,2248.00,1003,13359821,29369584596.00,2175.00,2250.00,2242.00,2175.00
67126881188552864,20090923,2257.00,2263.00,307,3286707,7418444923.00,2190.00,2263.00,2198.00,2240.00
67126881188552864,20090926,2192.00,2190.00,493,6030626,13221172136.00,2190.00,2267.00,2257.00,2265.00
67126881188552864,20090927,2130.00,2127.00,646,9075607,19329660869.00,2127.00,2179.00,2192.00,2153.00
67126881188552864,20090928,2127.00,2121.00,180,1834937,3899271649.00,2100.00,2169.00,2130.00,2100.00
67126881188552864,20090929,2171.00,2171.00,263,2918592,6348586116.00,2132.00,2190.00,2127.00,2135.00
67126881188552864,20090930,2182.00,2200.00,256,3021589,6594284241.00,2150.00,2210.00,2171.00,2200.00
67126881188552864,20091003,2194.00,2247.00,64,600603,1349554941.00,2247.00,2247.00,2182.00,2247.00
67126881188552864,20091004,2255.00,2259.00,530,8475327,19111743830.00,2211.00,2259.00,2194.00,2259.00
67126881188552864,20091005,2316.00,2322.00,396,5356035,12405090012.00,2224.00,2322.00,2255.00,2287.00
67126881188552864,20091006,2384.00,2385.00,407,5646088,13461531214.00,2337.00,2385.00,2316.00,2385.00
67126881188552864,20091007,2453.00,2455.00,905,12275937,30114409672.00,2403.00,2455.00,2384.00,2455.00
67126881188552864,20091010,2525.00,2526.00,374,5817499,14690462974.00,2500.00,2526.00,2453.00,2526.00
67126881188552864,20091011,2464.00,2450.00,563,8760072,21586427748.00,2450.00,2582.00,2525.00,2582.00
67126881188552864,20091012,2536.00,2537.00,484,6207399,15743438075.00,2464.00,2537.00,2464.00,2464.00
67126881188552864,20091013,2557.00,2612.00,56,884698,2310831176.00,2612.00,2612.00,2536.00,2612.00
67126881188552864,20091017,2589.00,2633.00,69,1347324,3547504092.00,2633.00,2633.00,2557.00,2633.00
67126881188552864,20091018,2598.00,2666.00,31,370622,988078252.00,2666.00,2666.00,2589.00,2666.00
67126881188552864,20091019,2600.00,2675.00,6,66335,177446125.00,2675.00,2675.00,2598.00,2675.00
67126881188552864,20091020,2602.00,2678.00,9,80050,214373900.00,2678.00,2678.00,2600.00,2678.00
67126881188552864,20091021,2605.00,2680.00,9,105558,282895440.00,2680.00,2680.00,2602.00,2680.00
67126881188552864,20091024,2618.00,2683.00,48,540687,1450663221.00,2683.00,2683.00,2605.00,2683.00
67126881188552864,20091025,2619.00,2696.00,4,28421,76623016.00,2696.00,2696.00,2618.00,2696.00
67126881188552864,20091026,2625.00,2697.00,19,231437,624185589.00,2697.00,2697.00,2619.00,2697.00
67126881188552864,20091027,2703.00,2703.00,174,7274673,19663441119.00,2703.00,2703.00,2625.00,2703.00
67126881188552864,20091028,2784.00,2784.00,92,3163766,8807924544.00,2784.00,2784.00,2703.00,2784.00
67126881188552864,20091031,2787.00,2867.00,17,116469,333916623.00,2867.00,2867.00,2784.00,2867.00
67126881188552864,20091101,2806.00,2870.00,40,744667,2137194290.00,2870.00,2870.00,2787.00,2870.00
67126881188552864,20091102,2845.00,2722.00,1563,43280162,123140388837.00,2722.00,2890.00,2806.00,2890.00
67126881188552864,20091103,2761.00,2760.00,427,7889423,21786445797.00,2760.00,2819.00,2845.00,2760.00
67126881188552864,20091104,2691.00,2679.00,1385,23400459,62960202959.00,2679.00,2797.00,2761.00,2679.00
67126881188552864,20091107,2777.00,2760.00,886,18180072,50489883936.00,2700.00,2785.00,2691.00,2700.00
67126881188552864,20091108,2716.00,2730.00,536,6622501,17984558235.00,2680.00,2820.00,2777.00,2784.00
67126881188552864,20091109,2670.00,2621.00,634,13956676,37262838182.00,2621.00,2809.00,2716.00,2716.00
67126881188552864,20091110,2577.00,2577.00,226,6231987,16059830499.00,2577.00,2577.00,2670.00,2577.00
67126881188552864,20091111,2500.00,2520.00,827,17589092,43967659825.00,2487.00,2599.00,2577.00,2487.00
67126881188552864,20091114,2585.00,2587.00,191,4479722,11581056186.00,2543.00,2587.00,2500.00,2575.00
67126881188552864,20091115,2617.00,2541.00,414,4504680,11788966779.00,2510.00,2674.00,2585.00,2639.00
67126881188552864,20091116,2567.00,2526.00,155,1780779,4501296634.00,2526.00,2580.00,2617.00,2557.00
67126881188552864,20091117,2524.00,2478.00,107,1538125,3813083138.00,2478.00,2520.00,2567.00,2489.00
67126881188552864,20091118,2437.00,2450.00,265,5145812,12540404319.00,2436.00,2499.00,2524.00,2439.00
67126881188552864,20091121,2354.00,2352.00,500,4413886,10388930609.00,2352.00,2458.00,2437.00,2364.00
67126881188552864,20091122,2282.00,2308.00,575,6704144,15296366028.00,2272.00,2340.00,2354.00,2272.00
67126881188552864,20091123,2294.00,2361.00,46,506184,1194258954.00,2349.00,2361.00,2282.00,2349.00
67126881188552864,20091124,2300.00,2374.00,10,244439,580298186.00,2374.00,2374.00,2294.00,2374.00
67126881188552864,20091125,2337.00,2380.00,41,1485854,3536332520.00,2380.00,2380.00,2300.00,2380.00
67126881188552864,20091129,2259.00,2285.00,487,8021912,18124925016.00,2256.00,2317.00,2337.00,2270.00
67126881188552864,20091130,2292.00,2327.00,446,4473925,10255093838.00,2199.00,2337.00,2259.00,2289.00
67126881188552864,20091201,2370.00,2372.00,346,6831813,16190337242.00,2320.00,2372.00,2292.00,2340.00
67126881188552864,20091202,2396.00,2400.00,289,3662951,8775988215.00,2370.00,2430.00,2370.00,2391.00
67126881188552864,20091205,2388.00,2381.00,111,1167576,2770546899.00,2334.00,2430.00,2396.00,2400.00
67126881188552864,20091207,2470.00,2471.00,297,6456868,15948807251.00,2450.00,2471.00,2388.00,2450.00
67126881188552864,20091208,2452.00,2404.00,164,1603194,3903722181.00,2400.00,2539.00,2470.00,2539.00
67126881188552864,20091209,2410.00,2367.00,124,1629290,3860105606.00,2367.00,2445.00,2452.00,2445.00
67126881188552864,20091212,2378.00,2326.00,70,1304708,3042898927.00,2326.00,2400.00,2410.00,2352.00
67126881188552864,20091213,2302.00,2295.00,226,3877405,8926643240.00,2295.00,2349.00,2378.00,2295.00
67126881188552864,20091214,2236.00,2222.00,187,3279907,7332606179.00,2222.00,2334.00,2302.00,2236.00
67126881188552864,20091215,2186.00,2158.00,130,2165793,4682262402.00,2158.00,2254.00,2236.00,2254.00
67126881188552864,20091216,2122.00,2110.00,126,2726302,5755027208.00,2110.00,2139.00,2186.00,2110.00
67126881188552864,20091219,2077.00,2130.00,252,3096287,6426503854.00,2048.00,2150.00,2122.00,2048.00
67126881188552864,20091220,2104.00,2149.00,36,1185082,2546741218.00,2149.00,2149.00,2077.00,2149.00
67126881188552864,20091221,2175.00,2117.00,174,3596195,7820291723.00,2117.00,2177.00,2104.00,2177.00
67126881188552864,20091222,2138.00,2099.00,147,1751982,3693047178.00,2099.00,2168.00,2175.00,2162.00
67126881188552864,20091223,2125.00,2121.00,118,1211413,2547476923.00,2067.00,2140.00,2138.00,2067.00
67126881188552864,20091228,2118.00,2051.00,40,352236,725340950.00,2051.00,2147.00,2125.00,2147.00
67126881188552864,20091229,2073.00,2047.00,144,1973487,4037343194.00,2044.00,2090.00,2118.00,2044.00
67126881188552864,20091230,2106.00,2145.00,140,2202155,4668658830.00,2042.00,2145.00,2073.00,2042.00
67126881188552864,20100102,2157.00,2179.00,100,2220938,4838697108.00,2140.00,2179.00,2106.00,2140.00
67126881188552864,20100103,2211.00,2154.00,267,4517886,9990378705.00,2130.00,2232.00,2157.00,2232.00
67126881188552864,20100104,2208.00,2134.00,23,149782,320140712.00,2134.00,2149.00,2211.00,2136.00
67126881188552864,20100105,2150.00,2182.00,239,3208497,6897565623.00,2131.00,2210.00,2208.00,2131.00
67126881188552864,20100106,2214.00,2225.00,121,2725400,6064015000.00,2225.00,2225.00,2150.00,2225.00
67126881188552864,20100109,2217.00,2291.00,18,110338,252784358.00,2291.00,2291.00,2214.00,2291.00
67126881188552864,20100110,2294.00,2294.00,530,16672908,38247615952.00,2293.00,2294.00,2217.00,2294.00
67126881188552864,20100111,2358.00,2374.00,524,8067983,19022759403.00,2296.00,2374.00,2294.00,2313.00
67126881188552864,20100112,2400.00,2362.00,642,9855833,23652738829.00,2343.00,2440.00,2358.00,2419.00
67126881188552864,20100113,2323.00,2337.00,318,4690736,10894651755.00,2316.00,2378.00,2400.00,2378.00
67126881188552864,20100116,2402.00,2404.00,312,4286950,10296605785.00,2350.00,2404.00,2323.00,2390.00
67126881188552864,20100117,2478.00,2440.00,711,10238200,25369532999.00,2440.00,2486.00,2402.00,2485.00
67126881188552864,20100118,2443.00,2392.00,199,1630727,3929424289.00,2392.00,2450.00,2478.00,2401.00
67126881188552864,20100119,2363.00,2358.00,291,3092158,7300163885.00,2358.00,2398.00,2443.00,2358.00
67126881188552864,20100120,2356.00,2351.00,138,1227000,2877813278.00,2318.00,2380.00,2363.00,2322.00
67126881188552864,20100123,2436.00,2438.00,272,3663113,8923598953.00,2372.00,2438.00,2356.00,2390.00
67126881188552864,20100124,2484.00,2450.00,344,3356295,8336462373.00,2440.00,2519.00,2436.00,2480.00
67126881188552864,20100125,2481.00,2465.00,415,4363385,10825119083.00,2417.00,2515.00,2484.00,2499.00
67126881188552864,20100126,2477.00,2440.00,163,1753871,4339243843.00,2440.00,2512.00,2481.00,2493.00
67126881188552864,20100127,2425.00,2391.00,225,2417937,5823772998.00,2391.00,2479.00,2477.00,2479.00
67126881188552864,20100130,2345.00,2341.00,274,4483348,10515083504.00,2341.00,2390.00,2425.00,2351.00
67126881188552864,20100131,2300.00,2263.00,153,1897651,4306771691.00,2263.00,2341.00,2345.00,2265.00
67126881188552864,20100201,2223.00,2220.00,368,6585942,14643178788.00,2220.00,2280.00,2300.00,2220.00
67126881188552864,20100202,2230.00,2213.00,223,1703640,3808574930.00,2200.00,2280.00,2223.00,2232.00
67126881188552864,20100203,2286.00,2288.00,268,3100830,7091919967.00,2256.00,2305.00,2230.00,2290.00
67126881188552864,20100206,2286.00,2273.00,182,1903104,4351394033.00,2240.00,2339.00,2286.00,2299.00
67126881188552864,20100207,2287.00,2274.00,178,1719616,3933409363.00,2262.00,2323.00,2286.00,2323.00
67126881188552864,20100208,2289.00,2273.00,280,2516875,5762081677.00,2240.00,2300.00,2287.00,2270.00
67126881188552864,20100209,2281.00,2251.00,155,1064108,2410767001.00,2251.00,2297.00,2289.00,2275.00
67126881188552864,20100210,2295.00,2310.00,252,2463069,5661732020.00,2270.00,2320.00,2281.00,2270.00
67126881188552864,20100214,2363.00,2375.00,324,3697450,8735514677.00,2337.00,2375.00,2295.00,2338.00
67126881188552864,20100216,2440.00,2400.00,427,7520144,18346939522.00,2380.00,2445.00,2363.00,2445.00
67126881188552864,20100217,2404.00,2384.00,218,2152864,5138864467.00,2370.00,2401.00,2440.00,2397.00
67126881188552864,20100220,2414.00,2406.00,219,2083120,5039263741.00,2400.00,2443.00,2404.00,2400.00
67126881188552864,20100221,2454.00,2450.00,389,10767482,26422220115.00,2401.00,2497.00,2414.00,2416.00
67126881188552864,20100222,2489.00,2460.00,419,4311813,10730036528.00,2440.00,2530.00,2454.00,2480.00
67126881188552864,20100223,2464.00,2411.00,209,1599413,3900865385.00,2410.00,2490.00,2489.00,2470.00
67126881188552864,20100224,2427.00,2400.00,230,2018731,4856156547.00,2390.00,2449.00,2464.00,2412.00
67126881188552864,20100227,2411.00,2370.00,155,1356441,3240488047.00,2360.00,2440.00,2427.00,2405.00
67126881188552864,20100228,2411.00,2400.00,162,1542379,3719237064.00,2382.00,2439.00,2411.00,2389.00
67126881188552864,20100301,2488.00,2495.00,516,7285312,18126575866.00,2440.00,2495.00,2411.00,2442.00
67126881188552864,20100302,2569.00,2575.00,564,9377861,24087088416.00,2500.00,2575.00,2488.00,2500.00
67126881188552864,20100303,2601.00,2590.00,588,6039371,15709196648.00,2560.00,2649.00,2569.00,2639.00
67126881188552864,20100306,2552.00,2522.00,527,5285217,13490206774.00,2510.00,2623.00,2601.00,2607.00
67126881188552864,20100307,2532.00,2543.00,330,2878046,7281631524.00,2507.00,2575.00,2552.00,2570.00
67126881188552864,20100308,2607.00,2620.00,618,7404508,19301725700.00,2570.00,2620.00,2532.00,2597.00
67126881188552864,20100309,2607.00,2620.00,0,0,0.00,0.00,0.00,2607.00,0.00
67126881188552864,20100310,2607.00,2620.00,0,0,0.00,0.00,0.00,2607.00,0.00
67126881188552864,20100313,2607.00,2620.00,0,0,0.00,0.00,0.00,2607.00,0.00
67126881188552864,20100314,2607.00,2620.00,0,0,0.00,0.00,0.00,2607.00,0.00
67126881188552864,20100315,2607.00,2620.00,0,0,0.00,0.00,0.00,2607.00,0.00
67126881188552864,20100316,2607.00,2620.00,0,0,0.00,0.00,0.00,2607.00,0.00
67126881188552864,20100317,2607.00,2620.00,0,0,0.00,0.00,0.00,2607.00,0.00
67126881188552864,20100327,2607.00,2620.00,0,0,0.00,0.00,0.00,2607.00,0.00
67126881188552864,20100328,2607.00,2620.00,0,0,0.00,0.00,0.00,2607.00,0.00
67126881188552864,20100329,2607.00,2620.00,0,0,0.00,0.00,0.00,2607.00,0.00
67126881188552864,20100330,2607.00,2620.00,0,0,0.00,0.00,0.00,2607.00,0.00
67126881188552864,20100331,2607.00,2620.00,0,0,0.00,0.00,0.00,2607.00,0.00
67126881188552864,20100403,2607.00,2620.00,0,0,0.00,0.00,0.00,2607.00,0.00
67126881188552864,20100404,2607.00,2620.00,0,0,0.00,0.00,0.00,2607.00,0.00
67126881188552864,20100405,2607.00,2620.00,0,0,0.00,0.00,0.00,2607.00,0.00
67126881188552864,20100406,2607.00,2620.00,0,0,0.00,0.00,0.00,2607.00,0.00
67126881188552864,20100407,2607.00,2620.00,0,0,0.00,0.00,0.00,2607.00,0.00
67126881188552864,20100410,2607.00,2620.00,0,0,0.00,0.00,0.00,2607.00,0.00
67126881188552864,20100411,2607.00,2620.00,0,0,0.00,0.00,0.00,2607.00,0.00
67126881188552864,20100412,2607.00,2620.00,0,0,0.00,0.00,0.00,2607.00,0.00
67126881188552864,20100413,2607.00,2620.00,0,0,0.00,0.00,0.00,2607.00,0.00
67126881188552864,20100414,2607.00,2620.00,0,0,0.00,0.00,0.00,2607.00,0.00
67126881188552864,20100417,2607.00,2620.00,0,0,0.00,0.00,0.00,2607.00,0.00
67126881188552864,20100418,2607.00,2620.00,0,0,0.00,0.00,0.00,2607.00,0.00
67126881188552864,20100419,3100.00,3068.00,3118,48902959,151622803733.00,3050.00,3249.00,2607.00,3100.00
67126881188552864,20100420,3041.00,2992.00,816,11047708,33593562176.00,2992.00,3101.00,3100.00,3101.00
67126881188552864,20100421,3010.00,3130.00,1625,23883612,71883925706.00,2935.00,3132.00,3041.00,2991.00
67126881188552864,20100424,3094.00,3115.00,82,2542506,7919906190.00,3115.00,3115.00,3010.00,3115.00
67126881188552864,20100425,3181.00,3140.00,2149,45955740,146185358266.00,3094.00,3202.00,3094.00,3202.00
67126881188552864,20100426,3282.00,3292.00,1184,19125210,62777309157.00,3135.00,3292.00,3181.00,3136.00
67126881188552864,20100427,3388.00,3360.00,1939,32964348,111682054681.00,3336.00,3396.00,3282.00,3351.00
67126881188552864,20100428,3308.00,3270.00,1407,19655516,65027226495.00,3270.00,3399.00,3388.00,3360.00
67126881188552864,20100501,3419.00,3423.00,788,11337523,38760423029.00,3370.00,3423.00,3308.00,3379.00
67126881188552864,20100502,3538.00,3538.00,391,7694214,27222128132.00,3537.00,3538.00,3419.00,3538.00
67126881188552864,20100503,3661.00,3661.00,385,6997697,25618568717.00,3661.00,3661.00,3538.00,3661.00
67126881188552864,20100504,3781.00,3750.00,1071,21483812,81229820548.00,3668.00,3789.00,3661.00,3789.00
67126881188552864,20100505,3654.00,3649.00,1248,18119196,66208790824.00,3649.00,3719.00,3781.00,3651.00
67126881188552864,20100508,3539.00,3619.00,969,19557146,69216206867.00,3527.00,3640.00,3654.00,3527.00
67126881188552864,20100509,3660.00,3661.00,1243,20572963,75304654683.00,3620.00,3662.00,3539.00,3659.00
67126881188552864,20100510,3574.00,3532.00,1118,13317770,47591911581.00,3532.00,3740.00,3660.00,3660.00
67126881188552864,20100511,3484.00,3520.00,747,6975591,24299947286.00,3450.00,3550.00,3574.00,3550.00
67126881188552864,20100512,3463.00,3509.00,558,4537193,15712901052.00,3399.00,3550.00,3484.00,3410.00
67126881188552864,20100515,3429.00,3420.00,391,3145218,10783744113.00,3400.00,3500.00,3463.00,3500.00
67126881188552864,20100516,3383.00,3351.00,428,4611919,15603458709.00,3351.00,3440.00,3429.00,3420.00
67126881188552864,20100518,3500.00,3501.00,520,11872510,41557651847.00,3471.00,3501.00,3383.00,3501.00
67126881188552864,20100519,3498.00,3530.00,681,7964332,27858810687.00,3451.00,3560.00,3500.00,3531.00
67126881188552864,20100522,3504.00,3482.00,314,2524112,8847775704.00,3450.00,3549.00,3498.00,3549.00
67126881188552864,20100523,3500.00,3468.00,308,2279591,7975569809.00,3460.00,3529.00,3504.00,3500.00
67126881188552864,20100524,3523.00,3530.00,360,3321744,11702181870.00,3490.00,3595.00,3500.00,3494.00
67126881188552864,20100525,3511.00,3485.00,346,3459356,12146148791.00,3480.00,3555.00,3523.00,3551.00
67126881188552864,20100526,3520.00,3530.00,452,5608657,19742003529.00,3481.00,3550.00,3511.00,3500.00
67126881188552864,20100529,3508.00,3442.00,481,5338620,18729434068.00,3398.00,3600.00,3520.00,3520.00
67126881188552864,20100530,3391.00,3386.00,349,4563999,15478403269.00,3386.00,3450.00,3508.00,3402.00
67126881188552864,20100531,3357.00,3369.00,592,8264126,27746275797.00,3326.00,3420.00,3391.00,3381.00
67126881188552864,20100601,3455.00,3420.00,648,8201031,28334199647.00,3370.00,3474.00,3357.00,3370.00
67126881188552864,20100602,3402.00,3416.00,360,5013212,17055839011.00,3358.00,3469.00,3455.00,3432.00
67126881188552864,20100606,3360.00,3320.00,367,4725698,15877828839.00,3320.00,3412.00,3402.00,3412.00
67126881188552864,20100607,3285.00,3270.00,365,3479879,11432885664.00,3260.00,3349.00,3360.00,3349.00
67126881188552864,20100608,3241.00,3239.00,412,5841062,18932640605.00,3195.00,3280.00,3285.00,3235.00
67126881188552864,20100609,3184.00,3183.00,350,3093100,9843791335.00,3150.00,3244.00,3241.00,3244.00
67126881188552864,20100612,3265.00,3295.00,373,4316328,14093942398.00,3180.00,3295.00,3184.00,3180.00
67126881188552864,20100613,3323.00,3330.00,438,3651621,12134570020.00,3290.00,3369.00,3265.00,3320.00
67126881188552864,20100614,3436.00,3439.00,296,5247190,18029916074.00,3370.00,3439.00,3323.00,3370.00
67126881188552864,20100615,3446.00,3556.00,32,253400,901090400.00,3556.00,3556.00,3436.00,3556.00
67126881188552864,20100616,3451.00,3566.00,11,130701,466079766.00,3566.00,3566.00,3446.00,3566.00
67126881188552864,20100619,3451.00,3566.00,0,0,0.00,0.00,0.00,3451.00,0.00
67126881188552864,20100620,3451.00,3566.00,0,0,0.00,0.00,0.00,3451.00,0.00
67126881188552864,20100621,3451.00,3566.00,0,0,0.00,0.00,0.00,3451.00,0.00
67126881188552864,20100622,3451.00,3566.00,0,0,0.00,0.00,0.00,3451.00,0.00
67126881188552864,20100623,3451.00,3566.00,0,0,0.00,0.00,0.00,3451.00,0.00
67126881188552864,20100627,3451.00,3566.00,0,0,0.00,0.00,0.00,3451.00,0.00
67126881188552864,20100628,3451.00,3566.00,0,0,0.00,0.00,0.00,3451.00,0.00
67126881188552864,20100629,3451.00,3566.00,0,0,0.00,0.00,0.00,3451.00,0.00
67126881188552864,20100630,3451.00,3566.00,0,0,0.00,0.00,0.00,3451.00,0.00
67126881188552864,20100703,3451.00,3566.00,0,0,0.00,0.00,0.00,3451.00,0.00
67126881188552864,20100704,3451.00,3566.00,0,0,0.00,0.00,0.00,3451.00,0.00
67126881188552864,20100705,3451.00,3566.00,0,0,0.00,0.00,0.00,3451.00,0.00
67126881188552864,20100706,3451.00,3566.00,0,0,0.00,0.00,0.00,3451.00,0.00
67126881188552864,20100707,3451.00,3566.00,0,0,0.00,0.00,0.00,3451.00,0.00
67126881188552864,20100711,3451.00,3566.00,0,0,0.00,0.00,0.00,3451.00,0.00
67126881188552864,20100712,3451.00,3566.00,0,0,0.00,0.00,0.00,3451.00,0.00
67126881188552864,20100713,3451.00,3566.00,0,0,0.00,0.00,0.00,3451.00,0.00
67126881188552864,20100714,3451.00,3566.00,0,0,0.00,0.00,0.00,3451.00,0.00
67126881188552864,20100717,3251.00,3566.00,0,0,0.00,0.00,0.00,3251.00,0.00
67126881188552864,20100718,3251.00,3566.00,0,0,0.00,0.00,0.00,3251.00,0.00
67126881188552864,20100719,3251.00,3566.00,0,0,0.00,0.00,0.00,3251.00,0.00
67126881188552864,20100720,3251.00,3566.00,0,0,0.00,0.00,0.00,3251.00,0.00
67126881188552864,20100721,3251.00,3566.00,0,0,0.00,0.00,0.00,3251.00,0.00
67126881188552864,20100724,3251.00,3566.00,0,0,0.00,0.00,0.00,3251.00,0.00
67126881188552864,20100725,3251.00,3566.00,0,0,0.00,0.00,0.00,3251.00,0.00
67126881188552864,20100726,3251.00,3566.00,0,0,0.00,0.00,0.00,3251.00,0.00
67126881188552864,20100728,3251.00,3566.00,0,0,0.00,0.00,0.00,3251.00,0.00
67126881188552864,20100731,3251.00,3566.00,0,0,0.00,0.00,0.00,3251.00,0.00
67126881188552864,20100801,3251.00,3566.00,0,0,0.00,0.00,0.00,3251.00,0.00
67126881188552864,20100802,3251.00,3566.00,0,0,0.00,0.00,0.00,3251.00,0.00
67126881188552864,20100803,3251.00,3566.00,0,0,0.00,0.00,0.00,3251.00,0.00
67126881188552864,20100804,3251.00,3566.00,0,0,0.00,0.00,0.00,3251.00,0.00
67126881188552864,20100807,4018.00,3975.00,2813,36677385,147362967528.00,3955.00,4100.00,3251.00,4024.00
67126881188552864,20100808,3934.00,3909.00,1057,10082611,39664934986.00,3901.00,3999.00,4018.00,3999.00
67126881188552864,20100809,4040.00,4091.00,840,12562744,50756452382.00,3882.00,4091.00,3934.00,3888.00
67126881188552864,20100810,4193.00,4201.00,688,11940961,50071632475.00,4160.00,4201.00,4040.00,4170.00
67126881188552864,20100811,4255.00,4179.00,2409,46934652,199704163185.00,4170.00,4360.00,4193.00,4340.00
67126881188552864,20100814,4125.00,4091.00,916,9413651,38827540175.00,4085.00,4220.00,4255.00,4171.00
67126881188552864,20100815,4088.00,4098.00,764,8359982,34173937905.00,4020.00,4200.00,4125.00,4085.00
67126881188552864,20100816,4190.00,4211.00,792,8448632,35396512684.00,4102.00,4245.00,4088.00,4102.00
67126881188552864,20100817,4238.00,4180.00,668,6603967,27986576399.00,4172.00,4283.00,4190.00,4251.00
67126881188552864,20100818,4172.00,4160.00,696,6440341,26869732840.00,4140.00,4225.00,4238.00,4180.00
67126881188552864,20100821,4112.00,4090.00,707,7019237,28866151198.00,4070.00,4172.00,4172.00,4171.00
67126881188552864,20100822,4134.00,4152.00,520,4248298,17563412602.00,4081.00,4198.00,4112.00,4115.00
67126881188552864,20100823,4279.00,4299.00,921,13676356,58527059760.00,4170.00,4299.00,4134.00,4170.00
67126881188552864,20100824,4222.00,4200.00,607,7203811,30418018952.00,4160.00,4315.00,4279.00,4310.00
67126881188552864,20100825,4167.00,4193.00,833,11290738,47051381381.00,4149.00,4239.00,4222.00,4189.00
67126881188552864,20100828,4185.00,4171.00,489,3422920,14325115973.00,4150.00,4230.00,4167.00,4201.00
67126881188552864,20100829,4164.00,4158.00,925,10418599,43387830334.00,4150.00,4200.00,4185.00,4200.00
67126881188552864,20100830,4197.00,4200.00,601,5461711,22923345534.00,4170.00,4249.00,4164.00,4170.00
67126881188552864,20100831,4230.00,4228.00,696,7481582,31648822842.00,4199.00,4260.00,4197.00,4210.00
67126881188552864,20100904,4396.00,4399.00,1981,33763780,148421383419.00,4300.00,4399.00,4230.00,4300.00
67126881188552864,20100905,4426.00,4361.00,821,7263327,32147680754.00,4350.00,4510.00,4396.00,4500.00
67126881188552864,20100906,4350.00,4350.00,547,3787346,16475174651.00,4320.00,4399.00,4426.00,4385.00
67126881188552864,20100907,4279.00,4270.00,633,5991823,25637240039.00,4260.00,4350.00,4350.00,4350.00
67126881188552864,20100908,4324.00,4350.00,599,4910047,21228823034.00,4262.00,4357.00,4279.00,4270.00
67126881188552864,20100912,4318.00,4300.00,345,2508460,10826101599.00,4281.00,4349.00,4324.00,4349.00
67126881188552864,20100913,4286.00,4251.00,677,6657966,28533811104.00,4250.00,4370.00,4318.00,4301.00
67126881188552864,20100914,4294.00,4286.00,425,4351245,18683811550.00,4264.00,4319.00,4286.00,4280.00
67126881188552864,20100915,4260.00,4260.00,440,4087324,17411527076.00,4251.00,4300.00,4294.00,4300.00
67126881188552864,20100918,4262.00,4258.00,315,2193641,9352427717.00,4252.00,4280.00,4260.00,4260.00
67126881188552864,20100919,4216.00,4163.00,610,7328594,30899124285.00,4153.00,4320.00,4262.00,4320.00
67126881188552864,20100920,4101.00,4060.00,622,6219154,25506771543.00,4050.00,4190.00,4216.00,4152.00
67126881188552864,20100921,4163.00,4221.00,426,3335654,13886162988.00,4030.00,4221.00,4101.00,4070.00
67126881188552864,20100922,4194.00,4200.00,506,8254422,34617031909.00,4175.00,4240.00,4163.00,4240.00
67126881188552864,20100925,4172.00,4129.00,377,4796680,20013434584.00,4129.00,4219.00,4194.00,4219.00
67126881188552864,20100926,4076.00,4071.00,605,4152676,16926118341.00,4027.00,4169.00,4172.00,4169.00
67126881188552864,20100927,4041.00,4020.00,456,3607006,14575561756.00,4012.00,4096.00,4076.00,4050.00
67126881188552864,20100928,4089.00,4060.00,326,3096397,12664877602.00,4050.00,4140.00,4041.00,4050.00
67126881188552864,20100929,4143.00,4140.00,610,6959573,28833791643.00,4090.00,4195.00,4089.00,4110.00
67126881188552864,20101002,4087.00,4060.00,459,4990060,20394295386.00,4041.00,4170.00,4143.00,4170.00
67126881188552864,20101003,4041.00,4048.00,339,2872855,11596419533.00,4019.00,4068.00,4087.00,4068.00
67126881188552864,20101005,4047.00,4048.00,284,1527124,6191575257.00,4030.00,4071.00,4041.00,4061.00
67126881188552864,20101006,4070.00,4055.00,303,3830620,15590763153.00,4051.00,4100.00,4047.00,4051.00
67126881188552864,20101009,3991.00,3964.00,367,3824844,15265781466.00,3961.00,4095.00,4070.00,4089.00
67126881188552864,20101010,3859.00,3832.00,586,9119548,35190085939.00,3832.00,3971.00,3991.00,3971.00
67126881188552864,20101011,3814.00,3760.00,497,4654295,17751574508.00,3750.00,3889.00,3859.00,3750.00
67126881188552864,20101012,3674.00,3662.00,330,4703749,17281452862.00,3662.00,3749.00,3814.00,3730.00
67126881188552864,20101013,3600.00,3528.00,74,1610258,5680990224.00,3528.00,3528.00,3674.00,3528.00
67126881188552864,20101016,3509.00,3568.00,896,9754289,34224734555.00,3456.00,3697.00,3600.00,3456.00
67126881188552864,20101017,3598.00,3626.00,420,4060995,14612082492.00,3536.00,3647.00,3509.00,3536.00
67126881188552864,20101018,3731.00,3717.00,451,4958954,18503951320.00,3646.00,3741.00,3598.00,3688.00
67126881188552864,20101019,3619.00,3582.00,323,3300166,11943688355.00,3582.00,3750.00,3731.00,3750.00
67126881188552864,20101020,3481.00,3482.00,411,4476441,15582158483.00,3475.00,3547.00,3619.00,3510.00
67126881188552864,20101023,3499.00,3461.00,246,1831104,6430905622.00,3450.00,3584.00,3481.00,3492.00
67126881188552864,20101024,3430.00,3360.00,124,1684258,5674409702.00,3360.00,3498.00,3499.00,3498.00
67126881188552864,20101025,3297.00,3320.00,388,5189975,17109905776.00,3293.00,3330.00,3430.00,3302.00
67126881188552864,20101026,3290.00,3260.00,336,2621837,8623104881.00,3250.00,3369.00,3297.00,3340.00
67126881188552864,20101027,3317.00,3340.00,303,2681065,8907741071.00,3283.00,3370.00,3290.00,3283.00
67126881188552864,20101030,3338.00,3333.00,246,1518181,5103727116.00,3330.00,3420.00,3317.00,3380.00
67126881188552864,20101031,3335.00,3310.00,280,2220706,7401930060.00,3286.00,3400.00,3338.00,3400.00
67126881188552864,20101101,3337.00,3372.00,256,2006227,6697550722.00,3290.00,3397.00,3335.00,3327.00
67126881188552864,20101102,3374.00,3415.00,468,5177983,17468272164.00,3311.00,3449.00,3337.00,3330.00
67126881188552864,20101103,3461.00,3508.00,424,3878827,13426525316.00,3380.00,3508.00,3374.00,3430.00
67126881188552864,20101106,3593.00,3599.00,381,4753941,17079945075.00,3550.00,3599.00,3461.00,3575.00
67126881188552864,20101107,3596.00,3550.00,546,4915186,17676140138.00,3482.00,3720.00,3593.00,3660.00
67126881188552864,20101108,3544.00,3463.00,229,1254343,4344500024.00,3453.00,3518.00,3596.00,3518.00
67126881188552864,20101109,3566.00,3623.00,326,3325773,11858768008.00,3451.00,3625.00,3544.00,3460.00
67126881188552864,20101110,3596.00,3613.00,278,2210440,7979249238.00,3591.00,3630.00,3566.00,3630.00
67126881188552864,20101113,3544.00,3487.00,185,1742062,6099281698.00,3462.00,3605.00,3596.00,3605.00
67126881188552864,20101114,3523.00,3500.00,174,1429543,4999389901.00,3461.00,3534.00,3544.00,3490.00
67126881188552864,20101115,3438.00,3383.00,262,3258536,11201989195.00,3383.00,3519.00,3523.00,3465.00
67126881188552864,20101116,3430.00,3440.00,163,999096,3409958455.00,3350.00,3450.00,3438.00,3429.00
67126881188552864,20101120,3419.00,3358.00,128,785423,2657579124.00,3353.00,3480.00,3430.00,3475.00
67126881188552864,20101121,3372.00,3330.00,227,1870170,6245410646.00,3320.00,3380.00,3419.00,3367.00
67126881188552864,20101122,3375.00,3352.00,121,1006125,3400879887.00,3350.00,3400.00,3372.00,3350.00
67126881188552864,20101123,3363.00,3337.00,163,1402142,4694311623.00,3330.00,3380.00,3375.00,3380.00
67126881188552864,20101124,3356.00,3359.00,118,844871,2818095342.00,3317.00,3360.00,3363.00,3325.00
67126881188552864,20101127,3401.00,3390.00,291,3444131,11714889512.00,3342.00,3429.00,3356.00,3350.00
67126881188552864,20101128,3397.00,3351.00,151,1122888,3806434798.00,3351.00,3439.00,3401.00,3431.00
67126881188552864,20101129,3360.00,3300.00,193,1407004,4662510817.00,3290.00,3361.00,3397.00,3361.00
67126881188552864,20101130,3349.00,3308.00,116,688169,2278160921.00,3290.00,3347.00,3360.00,3300.00
67126881188552864,20101201,3326.00,3300.00,173,1854597,6136870265.00,3286.00,3330.00,3349.00,3315.00
67126881188552864,20101204,3307.00,3299.00,184,2226016,7341816412.00,3271.00,3350.00,3326.00,3289.00
67126881188552864,20101205,3265.00,3250.00,188,3137926,10242344346.00,3241.00,3293.00,3307.00,3293.00
67126881188552864,20101206,3247.00,3220.00,204,2079523,6731425473.00,3214.00,3270.00,3265.00,3250.00
67126881188552864,20101207,3268.00,3300.00,154,1795033,5896335087.00,3220.00,3317.00,3247.00,3220.00
67126881188552864,20101208,3291.00,3310.00,207,2170234,7166698106.00,3284.00,3329.00,3268.00,3299.00
67126881188552864,20101211,3310.00,3330.00,138,1288016,4299115485.00,3304.00,3358.00,3291.00,3310.00
67126881188552864,20101212,3315.00,3339.00,139,1331622,4424563748.00,3301.00,3358.00,3310.00,3341.00
67126881188552864,20101213,3317.00,3316.00,122,803550,2668566367.00,3308.00,3344.00,3315.00,3340.00
67126881188552864,20101214,3312.00,3309.00,120,846986,2792600849.00,3276.00,3339.00,3317.00,3300.00
67126881188552864,20101218,3277.00,3256.00,250,1762543,5726217252.00,3233.00,3266.00,3312.00,3259.00
67126881188552864,20101219,3197.00,3200.00,330,3635577,11623725753.00,3184.00,3252.00,3277.00,3252.00
67126881188552864,20101220,3266.00,3256.00,202,3484334,11379584400.00,3203.00,3287.00,3197.00,3210.00
67126881188552864,20101221,3293.00,3321.00,200,1955813,6473521487.00,3280.00,3328.00,3266.00,3290.00
67126881188552864,20101222,3348.00,3394.00,273,2020583,6830003618.00,3310.00,3420.00,3293.00,3310.00
67126881188552864,20101225,3469.00,3481.00,382,3785265,13131856491.00,3410.00,3481.00,3348.00,3410.00
67126881188552864,20101226,3553.00,3470.00,672,6920537,24591880753.00,3470.00,3589.00,3469.00,3589.00
67126881188552864,20101227,3505.00,3548.00,467,4523879,15857594434.00,3434.00,3590.00,3553.00,3485.00
67126881188552864,20101228,3549.00,3505.00,353,2584011,9197309752.00,3505.00,3590.00,3505.00,3580.00
67126881188552864,20101229,3539.00,3519.00,372,3329688,11782202352.00,3500.00,3599.00,3549.00,3572.00
67126881188552864,20110101,3476.00,3430.00,216,1742576,5965769436.00,3410.00,3499.00,3539.00,3499.00
67126881188552864,20110102,3453.00,3435.00,158,1375308,4708329478.00,3400.00,3440.00,3476.00,3400.00
67126881188552864,20110103,3451.00,3417.00,197,1997292,6889283494.00,3410.00,3496.00,3453.00,3410.00
67126881188552864,20110104,3492.00,3526.00,276,1969834,6928458463.00,3450.00,3549.00,3451.00,3450.00
67126881188552864,20110105,3574.00,3631.00,149,1941823,7040993844.00,3600.00,3631.00,3492.00,3600.00
67126881188552864,20110108,3578.00,3716.00,8,95154,353592264.00,3716.00,3716.00,3574.00,3716.00
67126881188552864,20110109,3721.00,3721.00,77,3180000,11832780000.00,3721.00,3721.00,3578.00,3721.00
67126881188552864,20110110,3855.00,3850.00,1941,53945161,207950093548.00,3731.00,3869.00,3721.00,3869.00
67126881188552864,20110111,3885.00,3883.00,973,11115907,43181501083.00,3771.00,3970.00,3855.00,3801.00
67126881188552864,20110112,3819.00,3798.00,447,3789589,14472323448.00,3785.00,3935.00,3885.00,3935.00
67126881188552864,20110115,3726.00,3709.00,373,3414927,12725691373.00,3703.00,3819.00,3819.00,3819.00
67126881188552864,20110116,3860.00,3875.00,504,8838515,34120035093.00,3727.00,3875.00,3726.00,3727.00
67126881188552864,20110117,3910.00,3901.00,579,6348707,24823029270.00,3860.00,3939.00,3860.00,3930.00
67126881188552864,20110118,3946.00,3955.00,451,4095945,16161873719.00,3913.00,3988.00,3910.00,3950.00
67126881188552864,20110119,4036.00,4002.00,771,7637972,30827521112.00,3931.00,4091.00,3946.00,3950.00
67126881188552864,20110122,4051.00,4000.00,689,6726294,27251215579.00,4000.00,4144.00,4036.00,4102.00
67126881188552864,20110123,3956.00,3939.00,616,5453034,21574699745.00,3903.00,4000.00,4051.00,4000.00
67126881188552864,20110124,3999.00,3977.00,393,3506686,14022499289.00,3933.00,4049.00,3956.00,3933.00
67126881188552864,20110126,3998.00,3956.00,405,3417239,13663051141.00,3951.00,4028.00,3999.00,3996.00
67126881188552864,20110129,3912.00,3919.00,491,3085674,12063937473.00,3871.00,3992.00,3998.00,3950.00
67126881188552864,20110130,3897.00,3901.00,420,2984919,11628635345.00,3860.00,3910.00,3912.00,3900.00
67126881188552864,20110131,3893.00,3872.00,385,4172393,16242057847.00,3863.00,3939.00,3897.00,3905.00
67126881188552864,20110201,4010.00,4044.00,717,11194231,44884578126.00,3910.00,4048.00,3893.00,3910.00
67126881188552864,20110205,4149.00,4116.00,852,10775287,44711908929.00,4072.00,4170.00,4010.00,4150.00
67126881188552864,20110206,4056.00,4026.00,540,6468491,26236956330.00,4000.00,4110.00,4149.00,4110.00
67126881188552864,20110207,4066.00,4020.00,462,4245524,17260962450.00,4009.00,4159.00,4056.00,4010.00
67126881188552864,20110208,4005.00,3989.00,371,2743399,10959995075.00,3972.00,4070.00,4066.00,4070.00
67126881188552864,20110209,3930.00,3913.00,448,4054772,15936348812.00,3881.00,4000.00,4005.00,4000.00
67126881188552864,20110212,3903.00,3898.00,444,2356819,9177787766.00,3867.00,3930.00,3930.00,3930.00
67126881188552864,20110213,3937.00,3940.00,369,3244010,12772462401.00,3900.00,3969.00,3903.00,3906.00
67126881188552864,20110214,3972.00,3950.00,522,7205221,28621456521.00,3935.00,4059.00,3937.00,3951.00
67126881188552864,20110215,3934.00,3911.00,362,2687082,10552250942.00,3910.00,3968.00,3972.00,3953.00
67126881188552864,20110216,3829.00,3820.00,516,4231976,16203285503.00,3815.00,3870.00,3934.00,3860.00
67126881188552864,20110219,3753.00,3713.00,539,4045793,15182145020.00,3705.00,3799.00,3829.00,3799.00
67126881188552864,20110220,3660.00,3612.00,614,4389971,16065133519.00,3611.00,3729.00,3753.00,3729.00
67126881188552864,20110222,3763.00,3798.00,596,4393204,16530405530.00,3630.00,3806.00,3660.00,3640.00
67126881188552864,20110223,3790.00,3763.00,491,4005874,15181221301.00,3730.00,3845.00,3763.00,3839.00
67126881188552864,20110226,3777.00,3733.00,408,2393562,9030839421.00,3731.00,3848.00,3790.00,3780.00
67126881188552864,20110227,3754.00,3700.00,530,4723768,17731625062.00,3680.00,3889.00,3777.00,3740.00
67126881188552864,20110228,3672.00,3650.00,355,2732783,9996954757.00,3630.00,3739.00,3754.00,3700.00
67126881188552864,20110301,3619.00,3600.00,387,3324199,12030930784.00,3599.00,3650.00,3672.00,3639.00
67126881188552864,20110302,3640.00,3680.00,452,3052536,11113992280.00,3620.00,3720.00,3619.00,3620.00
67126881188552864,20110305,3685.00,3709.00,340,1829337,6800527486.00,3700.00,3748.00,3640.00,3746.00
67126881188552864,20110306,3724.00,3675.00,411,3227496,12020109716.00,3665.00,3798.00,3685.00,3750.00
67126881188552864,20110307,3714.00,3700.00,219,1191402,4404204605.00,3680.00,3730.00,3724.00,3728.00
67126881188552864,20110308,3702.00,3682.00,245,2212668,8179984964.00,3670.00,3720.00,3714.00,3720.00
67126881188552864,20110309,3652.00,3641.00,407,4865220,17766564781.00,3631.00,3700.00,3702.00,3698.00
67126881188552864,20110312,3601.00,3590.00,529,4646172,16731565861.00,3580.00,3644.00,3652.00,3620.00
67126881188552864,20110313,3631.00,3697.00,249,1295535,4759364014.00,3598.00,3719.00,3601.00,3598.00
67126881188552864,20110314,3698.00,3740.00,342,2209071,8233901760.00,3690.00,3770.00,3631.00,3700.00
67126881188552864,20110315,3751.00,3761.00,334,2521521,9491999343.00,3720.00,3800.00,3698.00,3760.00
67126881188552864,20110316,3836.00,3856.00,441,2625352,10116459157.00,3760.00,3879.00,3751.00,3760.00
67126881188552864,20110319,3875.00,3853.00,434,3063610,11875847370.00,3837.00,3938.00,3836.00,3883.00
67126881188552864,20110326,3983.00,4030.00,268,2747987,10991977501.00,3920.00,4030.00,3875.00,3920.00
67126881188552864,20110327,4058.00,3975.00,721,6223170,25254038141.00,3955.00,4141.00,3983.00,4141.00
67126881188552864,20110328,3990.00,4005.00,581,6450921,25739157215.00,3921.00,4018.00,4058.00,3960.00
67126881188552864,20110329,4048.00,4000.00,790,11220219,45419638370.00,4000.00,4109.00,3990.00,4003.00
67126881188552864,20110330,4018.00,4002.00,759,10294934,41367646764.00,3991.00,4079.00,4048.00,4050.00
67126881188552864,20110403,4144.00,4178.00,694,8196258,33961634495.00,4005.00,4178.00,4018.00,4005.00
67126881188552864,20110404,4309.00,4309.00,699,24597006,105988498854.00,4309.00,4309.00,4144.00,4309.00
67126881188552864,20110405,4481.00,4481.00,507,19545561,87583658841.00,4481.00,4481.00,4309.00,4481.00
67126881188552864,20110406,4597.00,4660.00,3487,54131741,248866939039.00,4390.00,4660.00,4481.00,4390.00
67126881188552864,20110409,4674.00,4703.00,3725,114013720,532843205023.00,4600.00,4780.00,4597.00,4780.00
67126881188552864,20110410,4689.00,4631.00,1402,13326194,62482373892.00,4600.00,4850.00,4674.00,4706.00
67126881188552864,20110411,4854.00,4876.00,1374,17947679,87115637424.00,4725.00,4876.00,4689.00,4725.00
67126881188552864,20110412,5038.00,5048.00,639,7915526,39875930048.00,4910.00,5048.00,4854.00,4980.00
67126881188552864,20110413,5014.00,4966.00,1969,20406604,102317484488.00,4837.00,5197.00,5038.00,5130.00
67126881188552864,20110416,4895.00,4860.00,1167,10568603,51736602139.00,4814.00,5090.00,5014.00,5000.00
67126881188552864,20110417,5012.00,5090.00,1479,16204822,81218823275.00,4861.00,5090.00,4895.00,4901.00
67126881188552864,20110418,5164.00,5025.00,2169,28365104,146478077347.00,5003.00,5212.00,5012.00,5169.00
67126881188552864,20110419,4963.00,4989.00,1165,18678279,92707864701.00,4958.00,5098.00,5164.00,5021.00
67126881188552864,20110420,5081.00,5060.00,784,6676506,33923437976.00,5000.00,5159.00,4963.00,5000.00
67126881188552864,20110423,5136.00,5112.00,860,8319235,42731680871.00,5080.00,5200.00,5081.00,5106.00
67126881188552864,20110424,5048.00,5000.00,969,7809479,39418524730.00,4981.00,5180.00,5136.00,5168.00
67126881188552864,20110425,4857.00,4873.00,1673,14657626,71192353161.00,4847.00,4999.00,5048.00,4999.00
67126881188552864,20110426,4860.00,4861.00,637,3681407,17891505783.00,4800.00,4997.00,4857.00,4883.00
67126881188552864,20110427,4726.00,4825.00,1262,18923596,89425181802.00,4666.00,4946.00,4860.00,4881.00
67126881188552864,20110430,4537.00,4537.00,1279,26146455,118629341238.00,4537.00,4590.00,4726.00,4549.00
67126881188552864,20110501,4471.00,4550.00,1769,16102896,71994932075.00,4380.00,4589.00,4537.00,4391.00
67126881188552864,20110502,4471.00,4550.00,0,0,0.00,0.00,0.00,4471.00,0.00
67126881188552864,20110503,4471.00,4550.00,0,0,0.00,0.00,0.00,4471.00,0.00
67126881188552864,20110504,4471.00,4550.00,0,0,0.00,0.00,0.00,4471.00,0.00
67126881188552864,20110508,4471.00,4550.00,0,0,0.00,0.00,0.00,4471.00,0.00
67126881188552864,20110509,4471.00,4550.00,0,0,0.00,0.00,0.00,4471.00,0.00
67126881188552864,20110510,4471.00,4550.00,0,0,0.00,0.00,0.00,4471.00,0.00
67126881188552864,20110511,3639.00,4550.00,0,0,0.00,0.00,0.00,3639.00,0.00
67126881188552864,20110514,3639.00,4550.00,0,0,0.00,0.00,0.00,3639.00,0.00
67126881188552864,20110515,3639.00,4550.00,0,0,0.00,0.00,0.00,3639.00,0.00
67126881188552864,20110516,3639.00,4550.00,0,0,0.00,0.00,0.00,3639.00,0.00
67126881188552864,20110517,3639.00,4550.00,0,0,0.00,0.00,0.00,3639.00,0.00
67126881188552864,20110518,3802.00,3787.00,1810,14790583,56233863242.00,3767.00,3890.00,3639.00,3771.00
67126881188552864,20110521,3820.00,3800.00,985,6022557,23003561708.00,3770.00,3870.00,3802.00,3870.00
67126881188552864,20110522,3738.00,3702.00,538,2925183,10914910914.00,3700.00,3841.00,3820.00,3841.00
67126881188552864,20110523,3665.00,3636.00,463,2797351,10224041569.00,3630.00,3738.00,3738.00,3700.00
67126881188552864,20110524,3571.00,3545.00,481,4436631,15842022325.00,3536.00,3660.00,3665.00,3660.00
67126881188552864,20110525,3456.00,3429.00,306,2714988,9329260625.00,3429.00,3502.00,3571.00,3502.00
67126881188552864,20110528,3403.00,3318.00,342,2398206,8121207344.00,3318.00,3580.00,3456.00,3400.00
67126881188552864,20110529,3310.00,3267.00,229,2349703,7700812865.00,3267.00,3315.00,3403.00,3270.00
67126881188552864,20110530,3317.00,3390.00,837,7093406,23525437906.00,3181.00,3428.00,3310.00,3181.00
67126881188552864,20110531,3405.00,3417.00,679,4456717,15176445183.00,3389.00,3438.00,3317.00,3400.00
67126881188552864,20110601,3368.00,3396.00,391,2305312,7731805906.00,3280.00,3404.00,3405.00,3404.00
67126881188552864,20110606,3467.00,3440.00,540,4680241,16226628824.00,3431.00,3502.00,3368.00,3461.00
67126881188552864,20110607,3446.00,3410.00,309,2642400,9092980090.00,3390.00,3510.00,3467.00,3488.00
67126881188552864,20110608,3380.00,3313.00,402,3042164,10273209575.00,3313.00,3438.00,3446.00,3400.00
67126881188552864,20110611,3275.00,3245.00,352,2651168,8626237549.00,3245.00,3356.00,3380.00,3343.00
67126881188552864,20110612,3216.00,3165.00,391,2675425,8573126825.00,3145.00,3297.00,3275.00,3200.00
67126881188552864,20110613,3139.00,3150.00,404,3280068,10294820490.00,3100.00,3210.00,3216.00,3163.00
67126881188552864,20110614,3155.00,3180.00,389,2648948,8366017776.00,3142.00,3180.00,3139.00,3175.00
67126881188552864,20110615,3162.00,3200.00,276,1834732,5811962964.00,3142.00,3202.00,3155.00,3167.00
67126881188552864,20110618,3237.00,3243.00,351,2495010,8127592454.00,3221.00,3279.00,3162.00,3221.00
67126881188552864,20110619,3237.00,3200.00,380,2374549,7685793156.00,3199.00,3288.00,3237.00,3288.00
67126881188552864,20110620,3194.00,3174.00,262,2357575,7495955853.00,3166.00,3237.00,3237.00,3237.00
67126881188552864,20110621,3203.00,3191.00,351,2887538,9252154790.00,3170.00,3264.00,3194.00,3190.00
67126881188552864,20110622,3197.00,3177.00,315,1441774,4597640016.00,3173.00,3231.00,3203.00,3231.00
67126881188552864,20110625,3225.00,3200.00,403,2452380,7928692451.00,3200.00,3267.00,3197.00,3200.00
67126881188552864,20110626,3134.00,3133.00,418,4176050,13085923986.00,3102.00,3205.00,3225.00,3202.00
67126881188552864,20110627,3020.00,3009.00,429,6113632,18464182633.00,3009.00,3120.00,3134.00,3110.00
67126881188552864,20110628,3011.00,3050.00,530,7294751,21964889821.00,2940.00,3100.00,3020.00,2940.00
67126881188552864,20110629,3127.00,3131.00,270,3741612,11698484851.00,3070.00,3131.00,3011.00,3080.00
67126881188552864,20110702,3214.00,3252.00,288,2600102,8408141413.00,3190.00,3252.00,3127.00,3201.00
67126881188552864,20110703,3212.00,3170.00,284,1779414,5711306351.00,3170.00,3290.00,3214.00,3290.00
67126881188552864,20110704,3198.00,3137.00,151,785509,2477282742.00,3132.00,3187.00,3212.00,3179.00
67126881188552864,20110705,3165.00,3101.00,346,3381314,10701575097.00,3100.00,3250.00,3198.00,3201.00
67126881188552864,20110706,3138.00,3100.00,230,1332110,4129714804.00,3074.00,3170.00,3165.00,3170.00
67126881188552864,20110709,3015.00,3013.00,425,5289341,15949705883.00,3013.00,3090.00,3138.00,3076.00
67126881188552864,20110710,2997.00,2950.00,1000,15828032,47437069511.00,2920.00,3050.00,3015.00,3013.00
67126881188552864,20110711,3088.00,3116.00,902,14377194,44394944622.00,2990.00,3116.00,2997.00,2999.00
67126881188552864,20110712,3055.00,3060.00,387,2716761,8283113826.00,3000.00,3150.00,3088.00,3146.00
67126881188552864,20110713,2975.00,2970.00,736,5419376,16121203239.00,2940.00,3098.00,3055.00,3000.00
67126881188552864,20110716,2975.00,2970.00,0,0,0.00,0.00,0.00,2975.00,0.00
67126881188552864,20110718,2975.00,2970.00,0,0,0.00,0.00,0.00,2975.00,0.00
67126881188552864,20110719,2764.00,2970.00,0,0,0.00,0.00,0.00,2764.00,0.00
67126881188552864,20110720,2764.00,2970.00,0,0,0.00,0.00,0.00,2764.00,0.00
67126881188552864,20110723,2888.00,2870.00,462,3566485,10299072654.00,2855.00,2940.00,2764.00,2900.00
67126881188552864,20110724,2987.00,3003.00,670,7628635,22787961159.00,2920.00,3003.00,2888.00,2929.00
67126881188552864,20110725,2938.00,2883.00,692,5788052,17006155099.00,2880.00,3070.00,2987.00,3070.00
67126881188552864,20110726,2916.00,2909.00,411,2537847,7385997466.00,2870.00,2959.00,2938.00,2899.00
67126881188552864,20110727,2954.00,2920.00,469,4065523,12007616480.00,2899.00,2987.00,2916.00,2910.00
67126881188552864,20110730,2980.00,2909.00,602,6117667,18230340390.00,2901.00,3030.00,2954.00,2960.00
67126881188552864,20110731,2938.00,2900.00,261,1336788,3851374226.00,2871.00,2938.00,2980.00,2938.00
67126881188552864,20110801,2912.00,2900.00,370,2161230,6266587314.00,2840.00,2968.00,2938.00,2901.00
67126881188552864,20110802,2889.00,2870.00,310,1994579,5735558418.00,2850.00,2930.00,2912.00,2909.00
67126881188552864,20110803,2858.00,2880.00,536,3777829,10795459548.00,2840.00,2890.00,2889.00,2870.00
67126881188552864,20110806,2757.00,2750.00,622,4840512,13344811539.00,2744.00,2870.00,2858.00,2870.00
67126881188552864,20110807,2718.00,2710.00,346,2150611,5805541924.00,2690.00,2725.00,2757.00,2690.00
67126881188552864,20110808,2726.00,2702.00,363,1535000,4198633897.00,2692.00,2789.00,2718.00,2692.00
67126881188552864,20110809,2655.00,2683.00,568,4062913,10786374397.00,2617.00,2780.00,2726.00,2773.00
67126881188552864,20110810,2736.00,2761.00,406,3240767,8865786597.00,2621.00,2761.00,2655.00,2655.00
67126881188552864,20110813,2816.00,2845.00,231,2336977,6647960055.00,2822.00,2845.00,2736.00,2845.00
67126881188552864,20110814,2866.00,2789.00,642,6058465,17362412935.00,2784.00,2908.00,2816.00,2908.00
67126881188552864,20110815,2820.00,2753.00,281,1481254,4098571374.00,2752.00,2800.00,2866.00,2783.00
67126881188552864,20110816,2786.00,2725.00,288,1244493,3401289703.00,2711.00,2770.00,2820.00,2760.00
67126881188552864,20110817,2761.00,2750.00,219,2032381,5583874761.00,2711.00,2780.00,2786.00,2711.00
67126881188552864,20110820,2742.00,2682.00,197,872675,2350463636.00,2680.00,2728.00,2761.00,2709.00
67126881188552864,20110821,2739.00,2741.00,168,638910,1742258407.00,2683.00,2750.00,2742.00,2700.00
67126881188552864,20110823,2803.00,2820.00,409,2805673,7888623689.00,2760.00,2842.00,2739.00,2760.00
67126881188552864,20110824,2797.00,2799.00,286,1723049,4811824865.00,2766.00,2845.00,2803.00,2841.00
67126881188552864,20110827,2782.00,2730.00,197,1078250,2967743972.00,2727.00,2790.00,2797.00,2780.00
67126881188552864,20110828,2750.00,2714.00,202,1421587,3852681074.00,2700.00,2748.00,2782.00,2710.00
67126881188552864,20110829,2761.00,2762.00,290,1862106,5156633264.00,2725.00,2804.00,2750.00,2763.00
67126881188552864,20110830,2766.00,2756.00,245,1771085,4905971754.00,2746.00,2800.00,2761.00,2800.00
67126881188552864,20110831,2766.00,2756.00,0,0,0.00,0.00,0.00,2766.00,0.00
67126881188552864,20110903,2765.00,2740.00,243,1717596,4747843746.00,2740.00,2810.00,2766.00,2756.00
67126881188552864,20110904,2756.00,2744.00,277,2046080,5628997602.00,2733.00,2766.00,2765.00,2760.00
67126881188552864,20110905,2770.00,2785.00,463,3706597,10266671907.00,2745.00,2800.00,2756.00,2750.00
67126881188552864,20110906,2832.00,2845.00,619,4512411,12780541391.00,2803.00,2859.00,2770.00,2859.00
67126881188552864,20110907,2801.00,2780.00,397,3536276,9906369307.00,2770.00,2880.00,2832.00,2860.00
67126881188552864,20110910,2890.00,2913.00,876,7035327,20334934856.00,2780.00,2913.00,2801.00,2780.00
67126881188552864,20110911,2890.00,2890.00,446,3148019,9097567521.00,2850.00,2949.00,2890.00,2922.00
67126881188552864,20110912,2872.00,2860.00,281,1522982,4342801839.00,2845.00,2891.00,2890.00,2860.00
67126881188552864,20110913,2857.00,2830.00,208,1302149,3693420682.00,2813.00,2850.00,2872.00,2813.00
67126881188552864,20110914,2835.00,2820.00,235,1183513,3312351712.00,2780.00,2840.00,2857.00,2840.00
67126881188552864,20110917,2834.00,2820.00,272,1718714,4869241144.00,2800.00,2870.00,2835.00,2800.00
67126881188552864,20110918,2834.00,2830.00,255,1832611,5193269459.00,2821.00,2840.00,2834.00,2821.00
67126881188552864,20110919,2829.00,2822.00,242,1694873,4788639873.00,2821.00,2838.00,2834.00,2822.00
67126881188552864,20110920,2824.00,2820.00,241,2959304,8357211890.00,2806.00,2837.00,2829.00,2819.00
67126881188552864,20110921,2824.00,2817.00,255,1850034,5224348321.00,2811.00,2835.00,2824.00,2830.00
67126881188552864,20110925,2819.00,2787.00,158,509892,1423798012.00,2773.00,2820.00,2824.00,2820.00
67126881188552864,20110926,2742.00,2720.00,267,2542472,6923009757.00,2707.00,2790.00,2819.00,2776.00
67126881188552864,20110927,2738.00,2741.00,313,1481094,4047499134.00,2720.00,2750.00,2742.00,2725.00
67126881188552864,20110928,2758.00,2766.00,267,1893935,5248450443.00,2741.00,2810.00,2738.00,2746.00
67126881188552864,20111001,2768.00,2800.00,254,1760051,4886762464.00,2752.00,2800.00,2758.00,2789.00
67126881188552864,20111002,2777.00,2768.00,256,1391816,3880007007.00,2768.00,2810.00,2768.00,2780.00
67126881188552864,20111003,2774.00,2744.00,170,836475,2312901302.00,2740.00,2798.00,2777.00,2790.00
67126881188552864,20111004,2766.00,2746.00,146,1057959,2907865889.00,2732.00,2774.00,2774.00,2774.00
67126881188552864,20111005,2757.00,2734.00,192,1336413,3668157184.00,2730.00,2769.00,2766.00,2747.00
67126881188552864,20111008,2760.00,2747.00,170,1234591,3414147363.00,2740.00,2800.00,2757.00,2750.00
67126881188552864,20111009,2752.00,2720.00,184,849258,2318897532.00,2720.00,2757.00,2760.00,2742.00
67126881188552864,20111010,2723.00,2720.00,325,2963726,8064942612.00,2703.00,2750.00,2752.00,2731.00
67126881188552864,20111011,2814.00,2831.00,246,3989522,11225571405.00,2783.00,2831.00,2723.00,2783.00
67126881188552864,20111012,2839.00,2850.00,1202,13017084,36954483306.00,2770.00,2898.00,2814.00,2850.00
67126881188552864,20111015,2751.00,2726.00,484,5426831,14928095822.00,2726.00,2800.00,2839.00,2800.00
67126881188552864,20111016,2648.00,2650.00,467,3879689,10271870968.00,2641.00,2700.00,2751.00,2700.00
67126881188552864,20111017,2645.00,2640.00,161,750474,1978905471.00,2602.00,2688.00,2648.00,2602.00
67126881188552864,20111018,2643.00,2630.00,213,1438749,3798017994.00,2620.00,2677.00,2645.00,2650.00
67126881188552864,20111019,2647.00,2657.00,132,982647,2608797944.00,2644.00,2676.00,2643.00,2676.00
67126881188552864,20111022,2640.00,2680.00,209,1110290,2916817155.00,2600.00,2689.00,2647.00,2680.00
67126881188552864,20111023,2638.00,2624.00,157,580606,1525044008.00,2605.00,2678.00,2640.00,2678.00
67126881188552864,20111024,2606.00,2537.00,241,1254750,3208505284.00,2537.00,2600.00,2638.00,2600.00
67126881188552864,20111025,2584.00,2540.00,279,1562517,4002651736.00,2539.00,2588.00,2606.00,2554.00
67126881188552864,20111026,2566.00,2508.00,224,972502,2455752819.00,2505.00,2551.00,2584.00,2534.00
67126881188552864,20111029,2528.00,2470.00,346,1558168,3877793047.00,2470.00,2570.00,2566.00,2552.00
67126881188552864,20111030,2506.00,2509.00,265,1559708,3874001588.00,2456.00,2517.00,2528.00,2489.00
67126881188552864,20111031,2494.00,2469.00,154,818746,2014457227.00,2450.00,2503.00,2506.00,2497.00
67126881188552864,20111101,2481.00,2450.00,178,951745,2332950041.00,2425.00,2470.00,2494.00,2460.00
67126881188552864,20111102,2497.00,2525.00,269,1800248,4517595131.00,2462.00,2550.00,2481.00,2462.00
67126881188552864,20111105,2487.00,2440.00,154,750379,1841050959.00,2425.00,2519.00,2497.00,2519.00
67126881188552864,20111106,2434.00,2400.00,325,1846406,4423170495.00,2388.00,2450.00,2487.00,2450.00
67126881188552864,20111108,2385.00,2337.00,153,1616283,3778765627.00,2337.00,2380.00,2434.00,2340.00
67126881188552864,20111109,2364.00,2393.00,350,2384561,5619013720.00,2300.00,2401.00,2385.00,2300.00
67126881188552864,20111112,2415.00,2408.00,265,2529824,6141395282.00,2403.00,2455.00,2364.00,2420.00
67126881188552864,20111113,2348.00,2321.00,303,2381662,5538306323.00,2319.00,2370.00,2415.00,2370.00
67126881188552864,20111114,2380.00,2360.00,287,2475700,5915584822.00,2350.00,2439.00,2348.00,2350.00
67126881188552864,20111116,2380.00,2392.00,250,1725430,4105598483.00,2350.00,2438.00,2380.00,2437.00
67126881188552864,20111119,2377.00,2361.00,112,624464,1477009062.00,2351.00,2394.00,2380.00,2394.00
67126881188552864,20111120,2344.00,2330.00,265,1752574,4059391092.00,2301.00,2360.00,2377.00,2330.00
67126881188552864,20111121,2323.00,2319.00,208,1517812,3491231328.00,2281.00,2350.00,2344.00,2315.00
67126881188552864,20111122,2235.00,2231.00,355,4211043,9411671272.00,2231.00,2266.00,2323.00,2265.00
67126881188552864,20111123,2159.00,2146.00,389,3699559,7988838360.00,2146.00,2200.00,2235.00,2170.00
67126881188552864,20111126,2163.00,2140.00,301,1775983,3846566975.00,2130.00,2200.00,2159.00,2130.00
67126881188552864,20111127,2083.00,2077.00,417,4561136,9500457290.00,2077.00,2159.00,2163.00,2159.00
67126881188552864,20111128,2005.00,2020.00,533,4802043,9626808106.00,2000.00,2040.00,2083.00,2040.00
67126881188552864,20111129,2082.00,2085.00,360,4796008,9983263543.00,2020.00,2085.00,2005.00,2020.00
67126881188552864,20111130,2050.00,2025.00,256,2159300,4392909851.00,2012.00,2070.00,2082.00,2050.00
67126881188552864,20111203,2098.00,2132.00,275,2523465,5325874199.00,2055.00,2132.00,2050.00,2055.00
67126881188552864,20111204,2145.00,2181.00,222,1943041,4225804855.00,2145.00,2181.00,2098.00,2160.00
67126881188552864,20111207,2160.00,2230.00,27,555441,1238633430.00,2230.00,2230.00,2145.00,2230.00
67126881188552864,20111210,2242.00,2228.00,577,7719868,17306185754.00,2200.00,2246.00,2160.00,2246.00
67126881188552864,20111211,2180.00,2190.00,267,2781071,6039468602.00,2153.00,2238.00,2242.00,2238.00
67126881188552864,20111212,2183.00,2170.00,168,905867,1985677708.00,2151.00,2214.00,2180.00,2151.00
67126881188552864,20111213,2206.00,2184.00,196,2404968,5321859257.00,2181.00,2237.00,2183.00,2214.00
67126881188552864,20111214,2190.00,2165.00,126,995672,2146165454.00,2120.00,2219.00,2206.00,2219.00
67126881188552864,20111217,2178.00,2131.00,147,763879,1633852563.00,2127.00,2180.00,2190.00,2180.00
67126881188552864,20111218,2250.00,2265.00,578,6016419,13534162749.00,2135.00,2265.00,2178.00,2135.00
67126881188552864,20111219,2270.00,2247.00,320,2536062,5770523368.00,2222.00,2327.00,2250.00,2327.00
67126881188552864,20111220,2253.00,2191.00,148,872128,1926225236.00,2191.00,2260.00,2270.00,2226.00
67126881188552864,20111221,2168.00,2163.00,288,3487333,7560875304.00,2163.00,2200.00,2253.00,2200.00
67126881188552864,20111224,2156.00,2130.00,209,1217304,2599980338.00,2120.00,2170.00,2168.00,2160.00
67126881188552864,20111225,2145.00,2110.00,181,1447000,3083365452.00,2101.00,2160.00,2156.00,2160.00
67126881188552864,20111226,2108.00,2088.00,229,1921898,4005899647.00,2060.00,2149.00,2145.00,2139.00
67126881188552864,20111227,2102.00,2077.00,131,699679,1454363212.00,2060.00,2099.00,2108.00,2075.00
67126881188552864,20111228,2082.00,2087.00,267,2054867,4254866286.00,2040.00,2127.00,2102.00,2066.00
67126881188552864,20111231,2155.00,2165.00,383,3120156,6727760864.00,2100.00,2165.00,2082.00,2101.00
67126881188552864,20120101,2168.00,2180.00,358,4043695,8768585609.00,2120.00,2225.00,2155.00,2219.00
67126881188552864,20120102,2152.00,2118.00,147,1401818,2988011658.00,2100.00,2159.00,2168.00,2159.00
67126881188552864,20120103,2134.00,2121.00,328,2246731,4777861988.00,2101.00,2145.00,2152.00,2101.00
67126881188552864,20120104,2155.00,2160.00,277,1682662,3658899568.00,2120.00,2214.00,2134.00,2120.00
67126881188552864,20120107,2151.00,2130.00,192,850967,1821674772.00,2129.00,2192.00,2155.00,2162.00
67126881188552864,20120108,2138.00,2108.00,168,1002354,2113394421.00,2104.00,2131.00,2151.00,2131.00
67126881188552864,20120109,2145.00,2130.00,432,4111654,8818501216.00,2110.00,2199.00,2138.00,2130.00
67126881188552864,20120110,2147.00,2130.00,277,2018359,4334846090.00,2120.00,2188.00,2145.00,2155.00
67126881188552864,20120111,2141.00,2137.00,240,2118178,4527209464.00,2121.00,2150.00,2147.00,2133.00
67126881188552864,20120115,2185.00,2201.00,620,5926326,12946203821.00,2155.00,2226.00,2141.00,2170.00
67126881188552864,20120116,2270.00,2272.00,402,3447316,7824355772.00,2240.00,2272.00,2185.00,2240.00
67126881188552864,20120117,2353.00,2290.00,1235,22692692,53385237637.00,2290.00,2360.00,2270.00,2360.00
67126881188552864,20120118,2311.00,2301.00,416,3109021,7183363113.00,2260.00,2344.00,2353.00,2288.00
67126881188552864,20120121,2275.00,2249.00,325,2762274,6269279151.00,2230.00,2330.00,2311.00,2300.00
67126881188552864,20120123,2227.00,2200.00,272,1889916,4147905726.00,2185.00,2250.00,2275.00,2250.00
67126881188552864,20120125,2187.00,2168.00,223,1935324,4181668333.00,2147.00,2185.00,2227.00,2185.00
67126881188552864,20120128,2215.00,2274.00,104,1083391,2459819775.00,2222.00,2274.00,2187.00,2222.00
67126881188552864,20120129,2238.00,2245.00,210,1570942,3554321861.00,2231.00,2294.00,2215.00,2294.00
67126881188552864,20120130,2232.00,2200.00,130,689981,1525250453.00,2195.00,2240.00,2238.00,2240.00
67126881188552864,20120131,2222.00,2181.00,173,1119742,2468370871.00,2175.00,2250.00,2232.00,2200.00
67126881188552864,20120201,2214.00,2210.00,180,1169272,2572396320.00,2177.00,2230.00,2222.00,2222.00
67126881188552864,20120204,2254.00,2278.00,382,2977830,6720961274.00,2222.00,2285.00,2214.00,2240.00
67126881188552864,20120205,2299.00,2300.00,453,3632969,8351335099.00,2240.00,2338.00,2254.00,2299.00
67126881188552864,20120206,2290.00,2240.00,152,704187,1588737194.00,2240.00,2322.00,2299.00,2322.00
67126881188552864,20120207,2287.00,2241.00,385,3148651,7202383038.00,2238.00,2341.00,2290.00,2310.00
67126881188552864,20120208,2248.00,2220.00,272,1698841,3761289706.00,2200.00,2282.00,2287.00,2282.00
67126881188552864,20120212,2189.00,2160.00,316,2491015,5412755402.00,2159.00,2210.00,2248.00,2200.00
67126881188552864,20120213,2152.00,2109.00,269,1839799,3909143879.00,2107.00,2190.00,2189.00,2123.00
67126881188552864,20120214,2097.00,2066.00,286,2460046,5117639468.00,2066.00,2110.00,2152.00,2110.00
67126881188552864,20120215,2074.00,2070.00,412,2457226,5079315940.00,2024.00,2096.00,2097.00,2070.00
67126881188552864,20120218,2074.00,2070.00,0,0,0.00,0.00,0.00,2074.00,0.00
67126881188552864,20120219,2074.00,2070.00,0,0,0.00,0.00,0.00,2074.00,0.00
67126881188552864,20120220,2074.00,2070.00,0,0,0.00,0.00,0.00,2074.00,0.00
67126881188552864,20120221,2074.00,2070.00,0,0,0.00,0.00,0.00,2074.00,0.00
67126881188552864,20120222,2074.00,2070.00,0,0,0.00,0.00,0.00,2074.00,0.00
67126881188552864,20120225,2074.00,2070.00,0,0,0.00,0.00,0.00,2074.00,0.00
67126881188552864,20120226,2074.00,2070.00,0,0,0.00,0.00,0.00,2074.00,0.00
67126881188552864,20120227,2074.00,2070.00,0,0,0.00,0.00,0.00,2074.00,0.00
67126881188552864,20120228,2074.00,2070.00,0,0,0.00,0.00,0.00,2074.00,0.00
67126881188552864,20120229,2074.00,2070.00,0,0,0.00,0.00,0.00,2074.00,0.00
67126881188552864,20120303,2074.00,2070.00,0,0,0.00,0.00,0.00,2074.00,0.00
67126881188552864,20120304,2074.00,2070.00,0,0,0.00,0.00,0.00,2074.00,0.00
67126881188552864,20120305,2074.00,2070.00,0,0,0.00,0.00,0.00,2074.00,0.00
67126881188552864,20120306,2074.00,2070.00,0,0,0.00,0.00,0.00,2074.00,0.00
67126881188552864,20120307,2074.00,2070.00,0,0,0.00,0.00,0.00,2074.00,0.00
67126881188552864,20120310,2074.00,2070.00,0,0,0.00,0.00,0.00,2074.00,0.00
67126881188552864,20120311,2074.00,2070.00,0,0,0.00,0.00,0.00,2074.00,0.00
67126881188552864,20120312,2074.00,2070.00,0,0,0.00,0.00,0.00,2074.00,0.00
67126881188552864,20120313,2074.00,2070.00,0,0,0.00,0.00,0.00,2074.00,0.00
67126881188552864,20120314,2074.00,2070.00,0,0,0.00,0.00,0.00,2074.00,0.00
67126881188552864,20120317,2074.00,2070.00,0,0,0.00,0.00,0.00,2074.00,0.00
67126881188552864,20120318,2074.00,2070.00,0,0,0.00,0.00,0.00,2074.00,0.00
67126881188552864,20120324,2074.00,2070.00,0,0,0.00,0.00,0.00,2074.00,0.00
67126881188552864,20120325,2074.00,2070.00,0,0,0.00,0.00,0.00,2074.00,0.00
67126881188552864,20120326,2074.00,2070.00,0,0,0.00,0.00,0.00,2074.00,0.00
67126881188552864,20120327,2074.00,2070.00,0,0,0.00,0.00,0.00,2074.00,0.00
67126881188552864,20120328,2074.00,2070.00,0,0,0.00,0.00,0.00,2074.00,0.00
67126881188552864,20120402,2074.00,2070.00,0,0,0.00,0.00,0.00,2074.00,0.00
67126881188552864,20120403,2074.00,2070.00,0,0,0.00,0.00,0.00,2074.00,0.00
67126881188552864,20120404,2074.00,2070.00,0,0,0.00,0.00,0.00,2074.00,0.00
67126881188552864,20120407,2074.00,2070.00,0,0,0.00,0.00,0.00,2074.00,0.00
67126881188552864,20120408,2074.00,2070.00,0,0,0.00,0.00,0.00,2074.00,0.00
67126881188552864,20120409,2074.00,2070.00,0,0,0.00,0.00,0.00,2074.00,0.00
67126881188552864,20120410,2074.00,2070.00,0,0,0.00,0.00,0.00,2074.00,0.00
67126881188552864,20120411,2074.00,2070.00,0,0,0.00,0.00,0.00,2074.00,0.00
67126881188552864,20120414,2074.00,2070.00,0,0,0.00,0.00,0.00,2074.00,0.00
67126881188552864,20120415,2074.00,2070.00,0,0,0.00,0.00,0.00,2074.00,0.00
67126881188552864,20120416,2074.00,2070.00,0,0,0.00,0.00,0.00,2074.00,0.00
67126881188552864,20120417,2074.00,2070.00,0,0,0.00,0.00,0.00,2074.00,0.00
67126881188552864,20120418,2074.00,2070.00,0,0,0.00,0.00,0.00,2074.00,0.00
67126881188552864,20120421,2074.00,2070.00,0,0,0.00,0.00,0.00,2074.00,0.00
67126881188552864,20120422,2074.00,2070.00,0,0,0.00,0.00,0.00,2074.00,0.00
67126881188552864,20120423,2074.00,2070.00,0,0,0.00,0.00,0.00,2074.00,0.00
67126881188552864,20120424,2074.00,2070.00,0,0,0.00,0.00,0.00,2074.00,0.00
67126881188552864,20120428,2074.00,2070.00,0,0,0.00,0.00,0.00,2074.00,0.00
67126881188552864,20120429,2074.00,2070.00,0,0,0.00,0.00,0.00,2074.00,0.00
67126881188552864,20120430,2074.00,2070.00,0,0,0.00,0.00,0.00,2074.00,0.00
67126881188552864,20120501,2074.00,2070.00,0,0,0.00,0.00,0.00,2074.00,0.00
67126881188552864,20120502,2074.00,2070.00,0,0,0.00,0.00,0.00,2074.00,0.00
67126881188552864,20120505,2074.00,2070.00,0,0,0.00,0.00,0.00,2074.00,0.00
67126881188552864,20120506,2074.00,2070.00,0,0,0.00,0.00,0.00,2074.00,0.00
67126881188552864,20120507,2074.00,2070.00,0,0,0.00,0.00,0.00,2074.00,0.00
67126881188552864,20120508,2074.00,2070.00,0,0,0.00,0.00,0.00,2074.00,0.00
67126881188552864,20120509,2074.00,2070.00,0,0,0.00,0.00,0.00,2074.00,0.00
67126881188552864,20120512,2074.00,2070.00,0,0,0.00,0.00,0.00,2074.00,0.00
67126881188552864,20120513,2074.00,2070.00,0,0,0.00,0.00,0.00,2074.00,0.00
67126881188552864,20120514,2074.00,2070.00,0,0,0.00,0.00,0.00,2074.00,0.00
67126881188552864,20120515,2074.00,2070.00,0,0,0.00,0.00,0.00,2074.00,0.00
67126881188552864,20120516,2074.00,2070.00,0,0,0.00,0.00,0.00,2074.00,0.00
67126881188552864,20120519,2074.00,2070.00,0,0,0.00,0.00,0.00,2074.00,0.00
67126881188552864,20120520,2074.00,2070.00,0,0,0.00,0.00,0.00,2074.00,0.00
67126881188552864,20120521,2074.00,2070.00,0,0,0.00,0.00,0.00,2074.00,0.00
67126881188552864,20120522,2076.00,2070.00,0,0,0.00,0.00,0.00,2076.00,0.00
67126881188552864,20120523,2403.00,2428.00,229,4814886,11570404692.00,2335.00,2428.00,2076.00,2335.00
67126881188552864,20120526,2341.00,2358.00,2105,25813825,60419855034.00,2307.00,2400.00,2403.00,2313.00
67126881188552864,20120527,2426.00,2434.00,1528,13538984,32846207958.00,2372.00,2434.00,2341.00,2373.00
67126881188552864,20120528,2422.00,2384.00,706,4271439,10346342180.00,2371.00,2489.00,2426.00,2459.00
67126881188552864,20120529,2337.00,2331.00,711,5485137,12819985858.00,2326.00,2388.00,2422.00,2388.00
67126881188552864,20120530,2298.00,2290.00,590,4095164,9409055051.00,2278.00,2330.00,2337.00,2310.00
67126881188552864,20120602,2283.00,2260.00,324,1521560,3436946063.00,2245.00,2290.00,2298.00,2263.00
67126881188552864,20120605,2225.00,2220.00,558,3516816,7796965328.00,2194.00,2261.00,2283.00,2261.00
67126881188552864,20120606,2201.00,2200.00,360,2180356,4754903920.00,2156.00,2212.00,2225.00,2212.00
67126881188552864,20120609,2173.00,2113.00,227,1614974,3444092742.00,2113.00,2165.00,2201.00,2165.00
67126881188552864,20120610,2134.00,2140.00,450,3236339,6875197152.00,2102.00,2149.00,2173.00,2102.00
67126881188552864,20120611,2157.00,2142.00,441,4039798,8712885934.00,2135.00,2196.00,2134.00,2140.00
67126881188552864,20120612,2152.00,2118.00,350,1878383,4030216590.00,2118.00,2185.00,2157.00,2161.00
67126881188552864,20120613,2193.00,2198.00,654,5741369,12591271321.00,2123.00,2238.00,2152.00,2140.00
67126881188552864,20120616,2175.00,2151.00,230,2410198,5214704657.00,2150.00,2200.00,2193.00,2191.00
67126881188552864,20120617,2149.00,2150.00,304,3390663,7271419424.00,2133.00,2175.00,2175.00,2175.00
67126881188552864,20120619,2149.00,2160.00,297,3524097,7573019572.00,2125.00,2160.00,2149.00,2156.00
67126881188552864,20120620,2095.00,2083.00,373,4375088,9166006503.00,2064.00,2140.00,2149.00,2135.00
67126881188552864,20120623,2073.00,2012.00,178,1116918,2251816648.00,2012.00,2078.00,2095.00,2078.00
67126881188552864,20120624,1995.00,1991.00,493,5385026,10742061151.00,1991.00,2024.00,2073.00,1991.00
67126881188552864,20120625,1962.00,1940.00,506,5236990,10273129329.00,1930.00,2017.00,1995.00,1970.00
67126881188552864,20120626,1916.00,1884.00,222,2545669,4810703395.00,1884.00,1958.00,1962.00,1921.00
67126881188552864,20120627,1902.00,1944.00,832,9631357,18315543301.00,1845.00,1969.00,1916.00,1845.00
67126881188552864,20120630,1929.00,1978.00,132,1415932,2800713496.00,1978.00,1978.00,1902.00,1978.00
67126881188552864,20120701,2006.00,2006.00,374,5284631,10598656454.00,1983.00,2006.00,1929.00,2006.00
67126881188552864,20120702,2086.00,2086.00,249,5288766,11032134390.00,2070.00,2086.00,2006.00,2086.00
67126881188552864,20120703,2153.00,2149.00,880,11071653,23841607977.00,2110.00,2169.00,2086.00,2169.00
67126881188552864,20120704,2149.00,2165.00,505,6062115,13029311607.00,2112.00,2168.00,2153.00,2155.00
67126881188552864,20120707,2181.00,2210.00,344,4669490,10184544461.00,2160.00,2210.00,2149.00,2160.00
67126881188552864,20120708,2204.00,2184.00,652,10049031,22146458280.00,2122.00,2230.00,2181.00,2171.00
67126881188552864,20120709,2182.00,2155.00,237,1624083,3492947575.00,2140.00,2186.00,2204.00,2186.00
67126881188552864,20120710,2173.00,2188.00,307,3456024,7504350073.00,2140.00,2200.00,2182.00,2150.00
67126881188552864,20120711,2194.00,2206.00,437,5315014,11661594981.00,2170.00,2207.00,2173.00,2176.00
67126881188552864,20120714,2198.00,2217.00,388,6015156,13223592349.00,2163.00,2220.00,2194.00,2175.00
67126881188552864,20120715,2198.00,2200.00,713,15968473,35104992286.00,2171.00,2224.00,2198.00,2220.00
67126881188552864,20120716,2208.00,2205.00,483,6400814,14130298654.00,2200.00,2220.00,2198.00,2200.00
67126881188552864,20120717,2215.00,2260.00,1234,26281388,58211280439.00,2200.00,2260.00,2208.00,2208.00
67126881188552864,20120718,2215.00,2260.00,0,0,0.00,0.00,0.00,2215.00,0.00
67126881188552864,20120721,2215.00,2260.00,0,0,0.00,0.00,0.00,2215.00,0.00
67126881188552864,20120722,1924.00,1920.00,86,612327,1178335888.00,1915.00,1926.00,1915.00,1926.00
67126881188552864,20120723,1913.00,1880.00,213,1491324,2824702876.00,1880.00,1920.00,1924.00,1920.00
67126881188552864,20120724,1905.00,1853.00,150,590941,1100460241.00,1841.00,1895.00,1913.00,1895.00
67126881188552864,20120725,1885.00,1829.00,138,1078592,1974224440.00,1829.00,1850.00,1905.00,1837.00
67126881188552864,20120728,1872.00,1810.00,117,716303,1296833845.00,1810.00,1820.00,1885.00,1810.00
67126881188552864,20120729,1798.00,1798.00,169,3990221,7174417358.00,1798.00,1798.00,1872.00,1798.00
67126881188552864,20120730,1772.00,1727.00,251,1600106,2772686479.00,1727.00,1767.00,1798.00,1760.00
67126881188552864,20120731,1740.00,1729.00,380,2397206,4120897067.00,1702.00,1770.00,1772.00,1725.00
67126881188552864,20120801,1725.00,1675.00,178,1140827,1926659557.00,1671.00,1720.00,1740.00,1704.00
67126881188552864,20120804,1664.00,1656.00,190,3525179,5838023692.00,1656.00,1672.00,1725.00,1672.00
67126881188552864,20120805,1645.00,1611.00,205,1458071,2351357857.00,1598.00,1633.00,1664.00,1598.00
67126881188552864,20120806,1640.00,1604.00,163,1208369,1968389329.00,1604.00,1690.00,1645.00,1638.00
67126881188552864,20120807,1621.00,1575.00,190,1262651,1994822225.00,1575.00,1650.00,1640.00,1620.00
67126881188552864,20120808,1608.00,1599.00,161,1225571,1932975122.00,1557.00,1644.00,1621.00,1557.00
67126881188552864,20120811,1617.00,1658.00,140,849074,1402617554.00,1602.00,1670.00,1608.00,1648.00
67126881188552864,20120812,1609.00,1610.00,141,1395031,2224799823.00,1560.00,1659.00,1617.00,1659.00
67126881188552864,20120813,1605.00,1578.00,64,368599,578199802.00,1560.00,1627.00,1609.00,1566.00
67126881188552864,20120814,1610.00,1600.00,179,2070786,3345400583.00,1570.00,1635.00,1605.00,1578.00
67126881188552864,20120815,1610.00,1600.00,89,554073,890671710.00,1600.00,1630.00,1610.00,1604.00
67126881188552864,20120818,1609.00,1591.00,74,946934,1519119829.00,1590.00,1624.00,1610.00,1618.00
67126881188552864,20120821,1605.00,1600.00,119,1381179,2205284420.00,1585.00,1606.00,1609.00,1591.00
67126881188552864,20120822,1602.00,1590.00,135,1050526,1672824969.00,1578.00,1599.00,1605.00,1594.00
67126881188552864,20120825,1596.00,1600.00,142,1480197,2347301989.00,1565.00,1608.00,1602.00,1595.00
67126881188552864,20120826,1604.00,1620.00,128,2247843,3620737228.00,1597.00,1629.00,1596.00,1618.00
67126881188552864,20120827,1600.00,1600.00,155,1353435,2155955957.00,1580.00,1632.00,1604.00,1632.00
67126881188552864,20120902,1597.00,1577.00,73,467325,737674300.00,1570.00,1590.00,1600.00,1572.00
67126881188552864,20120903,1602.00,1605.00,237,1601656,2579430981.00,1570.00,1629.00,1597.00,1572.00
67126881188552864,20120904,1632.00,1666.00,288,3122805,5121885893.00,1612.00,1666.00,1602.00,1628.00
67126881188552864,20120905,1664.00,1645.00,302,3254447,5438460419.00,1630.00,1697.00,1632.00,1697.00
67126881188552864,20120908,1651.00,1603.00,260,2024124,3316474320.00,1600.00,1692.00,1664.00,1692.00
67126881188552864,20120909,1618.00,1585.00,209,2147387,3412500922.00,1585.00,1600.00,1651.00,1600.00
67126881188552864,20120910,1569.00,1565.00,432,3529412,5515381172.00,1554.00,1585.00,1618.00,1560.00
67126881188552864,20120911,1561.00,1550.00,192,1798481,2791524744.00,1540.00,1569.00,1569.00,1566.00
67126881188552864,20120915,1567.00,1561.00,310,3322689,5212412922.00,1550.00,1606.00,1561.00,1565.00
67126881188552864,20120916,1560.00,1559.00,208,1994142,3098783972.00,1541.00,1578.00,1567.00,1570.00
67126881188552864,20120917,1561.00,1571.00,219,1868163,2919020850.00,1550.00,1573.00,1560.00,1560.00
67126881188552864,20120918,1570.00,1595.00,255,1947974,3075670019.00,1554.00,1600.00,1561.00,1554.00
67126881188552864,20120919,1606.00,1632.00,221,2584457,4202073840.00,1591.00,1632.00,1570.00,1609.00
67126881188552864,20120922,1641.00,1670.00,146,2164554,3613995785.00,1650.00,1670.00,1606.00,1670.00
67126881188552864,20120923,1706.00,1706.00,231,4981081,8497724186.00,1706.00,1706.00,1641.00,1706.00
67126881188552864,20120924,1750.00,1774.00,652,9113971,15945299196.00,1680.00,1774.00,1706.00,1700.00
67126881188552864,20120925,1818.00,1820.00,559,9554641,17372667083.00,1804.00,1820.00,1750.00,1810.00
67126881188552864,20120926,1870.00,1890.00,253,3240522,6098129910.00,1850.00,1890.00,1818.00,1860.00
67126881188552864,20120929,1929.00,1902.00,1484,17501586,33767559358.00,1887.00,1944.00,1870.00,1944.00
67126881188552864,20120930,1929.00,1902.00,0,0,0.00,0.00,0.00,1929.00,0.00
67126881188552864,20121001,1929.00,1902.00,0,0,0.00,0.00,0.00,1929.00,0.00
67126881188552864,20121002,1927.00,1852.00,25,170790,319732305.00,1852.00,1893.00,1929.00,1893.00
67126881188552864,20121003,1858.00,1850.00,789,9700537,18027488937.00,1850.00,1920.00,1927.00,1850.00
67126881188552864,20121006,1845.00,1784.00,62,727825,1299081437.00,1784.00,1799.00,1858.00,1785.00
67126881188552864,20121007,1844.00,1772.00,12,32902,58302344.00,1772.00,1772.00,1845.00,1772.00
67126881188552864,20121008,1842.00,1771.00,22,118043,209054153.00,1771.00,1771.00,1844.00,1771.00
67126881188552864,20121009,1842.00,1769.00,7,2235,3953715.00,1769.00,1769.00,1842.00,1769.00
67126881188552864,20121010,1839.00,1769.00,15,137028,242402532.00,1769.00,1769.00,1842.00,1769.00
67126881188552864,20121013,1838.00,1766.00,18,56520,99814320.00,1766.00,1766.00,1839.00,1766.00
67126881188552864,20121014,1837.00,1765.00,11,37326,65880390.00,1765.00,1765.00,1838.00,1765.00
67126881188552864,20121015,1837.00,1764.00,9,6456,11388384.00,1764.00,1764.00,1837.00,1764.00
67126881188552864,20121016,1664.00,1650.00,1246,11216565,18669126462.00,1624.00,1719.00,1837.00,1691.00
67126881188552864,20121017,1632.00,1630.00,538,4073058,6647872485.00,1601.00,1692.00,1664.00,1640.00
67126881188552864,20121020,1599.00,1575.00,668,7164036,11455123621.00,1572.00,1632.00,1632.00,1626.00
67126881188552864,20121021,1587.00,1580.00,597,5830563,9255286341.00,1558.00,1628.00,1599.00,1608.00
67126881188552864,20121022,1595.00,1590.00,719,5370523,8566340713.00,1580.00,1620.00,1587.00,1599.00
67126881188552864,20121023,1594.00,1610.00,586,4550219,7251592842.00,1558.00,1625.00,1595.00,1623.00
67126881188552864,20121024,1654.00,1657.00,297,6272771,10378211994.00,1630.00,1657.00,1594.00,1630.00
67126881188552864,20121027,1700.00,1720.00,165,2792707,4803456040.00,1720.00,1720.00,1654.00,1720.00
67126881188552864,20121028,1704.00,1679.00,765,7977206,13594539072.00,1664.00,1750.00,1700.00,1750.00
67126881188552864,20121029,1659.00,1636.00,324,2884100,4733894683.00,1636.00,1686.00,1704.00,1686.00
67126881188552864,20121030,1597.00,1594.00,593,7472877,11931834125.00,1593.00,1635.00,1659.00,1635.00
67126881188552864,20121031,1623.00,1639.00,349,2527216,4141131532.00,1600.00,1655.00,1597.00,1610.00
67126881188552864,20121104,1648.00,1655.00,334,2382867,3966508614.00,1636.00,1680.00,1623.00,1650.00
67126881188552864,20121105,1665.00,1683.00,394,3172979,5296444168.00,1651.00,1683.00,1648.00,1669.00
67126881188552864,20121106,1665.00,1657.00,208,1266143,2106186680.00,1630.00,1708.00,1665.00,1665.00
67126881188552864,20121107,1644.00,1620.00,324,2050039,3328471335.00,1610.00,1680.00,1665.00,1640.00
67126881188552864,20121110,1624.00,1599.00,285,1899753,3041753603.00,1583.00,1628.00,1644.00,1600.00
67126881188552864,20121111,1608.00,1590.00,268,2543995,4068122172.00,1590.00,1618.00,1624.00,1602.00
67126881188552864,20121112,1609.00,1623.00,243,1455289,2342756989.00,1586.00,1650.00,1608.00,1610.00
67126881188552864,20121113,1654.00,1673.00,324,3050713,5086789127.00,1636.00,1673.00,1609.00,1645.00
67126881188552864,20121114,1665.00,1668.00,295,1964676,3293252299.00,1650.00,1690.00,1654.00,1680.00
67126881188552864,20121117,1636.00,1628.00,281,2459665,3978804160.00,1600.00,1670.00,1665.00,1670.00
67126881188552864,20121118,1682.00,1701.00,516,5357873,9009321909.00,1626.00,1701.00,1636.00,1626.00
67126881188552864,20121119,1741.00,1716.00,933,11456162,19950357751.00,1690.00,1749.00,1682.00,1749.00
67126881188552864,20121120,1696.00,1686.00,387,3022278,5082397812.00,1672.00,1719.00,1741.00,1712.00
67126881188552864,20121121,1733.00,1745.00,415,3860210,6695920422.00,1700.00,1759.00,1696.00,1700.00
67126881188552864,20121126,1772.00,1802.00,182,2320025,4175048734.00,1770.00,1802.00,1733.00,1770.00
67126881188552864,20121127,1782.00,1842.00,54,590838,1088323596.00,1842.00,1842.00,1772.00,1842.00
67126881188552864,20121128,1821.00,1853.00,80,2180547,4040553591.00,1853.00,1853.00,1782.00,1853.00
67126881188552864,20121201,1828.00,1893.00,39,372451,705049743.00,1893.00,1893.00,1821.00,1893.00
67126881188552864,20121202,1875.00,1901.00,72,2584441,4913022341.00,1901.00,1901.00,1828.00,1901.00
67126881188552864,20121203,1889.00,1950.00,76,766787,1495234650.00,1950.00,1950.00,1875.00,1950.00
67126881188552864,20121204,1895.00,1964.00,48,307895,604705780.00,1964.00,1964.00,1889.00,1964.00
67126881188552864,20121205,1965.00,1947.00,2182,28035271,55081959871.00,1920.00,2017.00,1895.00,2000.00
67126881188552864,20121208,1896.00,1887.00,1264,15550514,29476716265.00,1887.00,1960.00,1965.00,1950.00
67126881188552864,20121209,1874.00,1950.00,1138,11520037,21591864016.00,1821.00,1950.00,1896.00,1852.00
67126881188552864,20121210,1945.00,1948.00,671,12543828,24397560034.00,1910.00,1948.00,1874.00,1948.00
67126881188552864,20121211,2003.00,1999.00,1115,11788327,23607486300.00,1971.00,2019.00,1945.00,1987.00
67126881188552864,20121212,1962.00,1931.00,514,3775639,7399474582.00,1923.00,2000.00,2003.00,2000.00
67126881188552864,20121215,2031.00,2040.00,442,4930593,10011793119.00,1990.00,2040.00,1962.00,1999.00
67126881188552864,20121216,2057.00,2112.00,74,1270237,2682740544.00,2112.00,2112.00,2031.00,2112.00
67126881188552864,20121217,2139.00,2139.00,115,3990042,8534699838.00,2139.00,2139.00,2057.00,2139.00
67126881188552864,20121218,2215.00,2224.00,1809,29406865,65125960868.00,2161.00,2224.00,2139.00,2224.00
67126881188552864,20121219,2260.00,2256.00,1130,11435105,25843212361.00,2187.00,2290.00,2215.00,2248.00
67126881188552864,20121222,2333.00,2350.00,739,11784621,27492065972.00,2271.00,2350.00,2260.00,2279.00
67126881188552864,20121223,2425.00,2426.00,825,15849975,38437942737.00,2360.00,2426.00,2333.00,2426.00
67126881188552864,20121224,2521.00,2522.00,439,6914589,17434586151.00,2490.00,2522.00,2425.00,2522.00
67126881188552864,20121225,2585.00,2501.00,3135,55765193,144163386125.00,2500.00,2621.00,2521.00,2621.00
67126881188552864,20121226,2598.00,2580.00,1809,22239402,57775983416.00,2510.00,2679.00,2585.00,2510.00
67126881188552864,20121229,2694.00,2680.00,2148,41752739,112467071199.00,2631.00,2701.00,2598.00,2679.00
67126881188552864,20121230,2608.00,2587.00,1036,12561993,32761447678.00,2587.00,2710.00,2694.00,2700.00
67126881188552864,20121231,2625.00,2645.00,660,5394633,14161243194.00,2558.00,2680.00,2608.00,2585.00
67126881188552864,20130101,2552.00,2520.00,752,6574529,16781308451.00,2520.00,2670.00,2625.00,2670.00
67126881188552864,20130102,2461.00,2450.00,485,5238401,12894053218.00,2450.00,2540.00,2552.00,2540.00
67126881188552864,20130106,2370.00,2363.00,337,4202330,9958208324.00,2363.00,2438.00,2461.00,2377.00
67126881188552864,20130107,2325.00,2351.00,1393,12973149,30167005170.00,2276.00,2398.00,2370.00,2301.00
67126881188552864,20130108,2348.00,2327.00,684,4134979,9708276794.00,2320.00,2399.00,2325.00,2368.00
67126881188552864,20130109,2285.00,2288.00,1018,9113285,20821039257.00,2256.00,2345.00,2348.00,2310.00
67126881188552864,20130113,2208.00,2231.00,1225,11700668,25830780367.00,2194.00,2300.00,2285.00,2300.00
67126881188552864,20130114,2240.00,2240.00,684,5122171,11472891750.00,2191.00,2269.00,2208.00,2200.00
67126881188552864,20130115,2243.00,2250.00,648,4225739,9480356957.00,2210.00,2289.00,2240.00,2289.00
67126881188552864,20130116,2258.00,2250.00,443,2799445,6337489492.00,2240.00,2290.00,2243.00,2251.00
67126881188552864,20130119,2213.00,2195.00,395,2807037,6159044543.00,2175.00,2255.00,2258.00,2244.00
67126881188552864,20130120,2153.00,2180.00,520,4446061,9573573483.00,2130.00,2198.00,2213.00,2198.00
67126881188552864,20130121,2135.00,2150.00,436,4050042,8645820471.00,2100.00,2180.00,2153.00,2141.00
67126881188552864,20130122,2060.00,2120.00,563,8536306,17588248029.00,2050.00,2127.00,2135.00,2120.00
67126881188552864,20130123,2122.00,2142.00,280,3119430,6674184561.00,2070.00,2142.00,2060.00,2070.00
67126881188552864,20130126,2116.00,2131.00,381,2366026,4995806758.00,2062.00,2170.00,2122.00,2170.00
67126881188552864,20130127,2104.00,2051.00,309,2165775,4536547039.00,2051.00,2140.00,2116.00,2101.00
67126881188552864,20130128,2069.00,2099.00,367,3814732,7884773935.00,2040.00,2099.00,2104.00,2054.00
67126881188552864,20130130,2058.00,2130.00,484,3914556,8054674522.00,1999.00,2134.00,2069.00,2050.00
67126881188552864,20130202,2114.00,2140.00,494,2832489,6051097842.00,2082.00,2140.00,2058.00,2130.00
67126881188552864,20130203,2159.00,2198.00,445,2979356,6476341613.00,2112.00,2198.00,2114.00,2150.00
67126881188552864,20130204,2123.00,2140.00,448,2782052,5861800662.00,2077.00,2193.00,2159.00,2140.00
67126881188552864,20130205,2133.00,2170.00,290,1750440,3755442842.00,2101.00,2180.00,2123.00,2101.00
67126881188552864,20130206,2155.00,2190.00,443,1967152,4283832622.00,2133.00,2200.00,2133.00,2165.00
67126881188552864,20130209,2184.00,2241.00,161,1464054,3272338967.00,2165.00,2241.00,2155.00,2165.00
67126881188552864,20130211,2216.00,2271.00,80,1453118,3300030978.00,2271.00,2271.00,2184.00,2271.00
67126881188552864,20130212,2259.00,2304.00,119,1967111,4532223744.00,2304.00,2304.00,2216.00,2304.00
67126881188552864,20130213,2298.00,2349.00,174,1738449,4083616701.00,2349.00,2349.00,2259.00,2349.00
67126881188552864,20130216,2376.00,2370.00,1290,11814800,28068226588.00,2290.00,2389.00,2298.00,2389.00
67126881188552864,20130217,2345.00,2320.00,573,5155645,12090032529.00,2310.00,2400.00,2376.00,2395.00
67126881188552864,20130218,2304.00,2370.00,679,5826747,13423814386.00,2282.00,2370.00,2345.00,2315.00
67126881188552864,20130219,2323.00,2396.00,110,812516,1946788336.00,2396.00,2396.00,2304.00,2396.00
67126881188552864,20130220,2345.00,2415.00,89,944577,2281153455.00,2415.00,2415.00,2323.00,2415.00
67126881188552864,20130223,2423.00,2410.00,485,5197404,12594768982.00,2351.00,2438.00,2345.00,2438.00
67126881188552864,20130224,2332.00,2327.00,740,7848603,18306661931.00,2327.00,2389.00,2423.00,2389.00
67126881188552864,20130225,2285.00,2250.00,394,2592809,5858040167.00,2239.00,2326.00,2332.00,2300.00
67126881188552864,20130226,2293.00,2301.00,321,1733796,3993975373.00,2252.00,2350.00,2285.00,2252.00
67126881188552864,20130227,2355.00,2340.00,483,7461665,17569566775.00,2314.00,2384.00,2293.00,2314.00
67126881188552864,20130302,2414.00,2449.00,261,2853483,6956761225.00,2383.00,2449.00,2355.00,2398.00
67126881188552864,20130303,2507.00,2510.00,828,12333051,30923690270.00,2452.00,2510.00,2414.00,2510.00
67126881188552864,20130304,2605.00,2607.00,612,9512103,24778314312.00,2580.00,2607.00,2507.00,2600.00
67126881188552864,20130305,2583.00,2520.00,1130,14206217,36689560482.00,2501.00,2700.00,2605.00,2700.00
67126881188552864,20130306,2536.00,2480.00,246,2171769,5423777175.00,2480.00,2545.00,2583.00,2507.00
67126881188552864,20130309,2512.00,2435.00,80,965973,2352144255.00,2435.00,2435.00,2536.00,2435.00
67126881188552864,20130310,2423.00,2440.00,725,7350271,17812840131.00,2412.00,2480.00,2512.00,2412.00
67126881188552864,20130311,2384.00,2400.00,398,2763256,6541722776.00,2330.00,2480.00,2423.00,2410.00
67126881188552864,20130312,2386.00,2361.00,291,1683807,4020747226.00,2327.00,2449.00,2384.00,2327.00
67126881188552864,20130313,2406.00,2386.00,445,4003647,9634077800.00,2360.00,2459.00,2386.00,2360.00
67126881188552864,20130316,2352.00,2310.00,353,3108414,7264398535.00,2310.00,2440.00,2406.00,2440.00
67126881188552864,20130317,2308.00,2310.00,311,2143030,4865974552.00,2258.00,2312.00,2352.00,2300.00
67126881188552864,20130318,2327.00,2400.00,330,2393028,5600149853.00,2261.00,2400.00,2308.00,2322.00
67126881188552864,20130325,2377.00,2420.00,62,2149411,5201574620.00,2420.00,2420.00,2327.00,2420.00
67126881188552864,20130326,2472.00,2472.00,124,4556958,11264800176.00,2472.00,2472.00,2377.00,2472.00
67126881188552864,20130327,2565.00,2570.00,845,11903105,30529748235.00,2475.00,2570.00,2472.00,2570.00
67126881188552864,20130330,2570.00,2580.00,573,4511073,11593844016.00,2500.00,2639.00,2565.00,2596.00
67126881188552864,20130331,2669.00,2672.00,411,8680789,23168372383.00,2611.00,2672.00,2570.00,2611.00
67126881188552864,20130403,2766.00,2775.00,1069,21746011,60150303799.00,2709.00,2775.00,2669.00,2765.00
67126881188552864,20130406,2871.00,2870.00,3505,60095289,172549243519.00,2820.00,2876.00,2766.00,2876.00
67126881188552864,20130407,2768.00,2757.00,667,12273027,33972077498.00,2757.00,2860.00,2871.00,2799.00
67126881188552864,20130408,2728.00,2779.00,3130,30500402,83213430223.00,2658.00,2846.00,2768.00,2726.00
67126881188552864,20130409,2796.00,2758.00,1349,10574685,29563160705.00,2750.00,2834.00,2728.00,2800.00
67126881188552864,20130410,2705.00,2685.00,914,8343788,22573246266.00,2685.00,2749.00,2796.00,2739.00
67126881188552864,20130413,2636.00,2621.00,794,6516400,17180101824.00,2600.00,2710.00,2705.00,2631.00
67126881188552864,20130415,2727.00,2741.00,343,4342115,11838853921.00,2610.00,2741.00,2636.00,2648.00
67126881188552864,20130416,2828.00,2824.00,2511,33310604,94193257653.00,2759.00,2836.00,2727.00,2828.00
67126881188552864,20130417,2767.00,2750.00,850,7866142,21768798408.00,2736.00,2830.00,2828.00,2820.00
67126881188552864,20130420,2712.00,2674.00,881,6356315,17238274799.00,2657.00,2820.00,2767.00,2751.00
67126881188552864,20130421,2612.00,2650.00,1432,18432983,48145389646.00,2604.00,2690.00,2712.00,2690.00
67126881188552864,20130422,2706.00,2716.00,730,7654949,20713438566.00,2642.00,2716.00,2612.00,2669.00
67126881188552864,20130423,2797.00,2814.00,1939,25585173,71555120760.00,2726.00,2814.00,2706.00,2759.00
67126881188552864,20130424,2903.00,2908.00,1562,21631111,62790338901.00,2860.00,2908.00,2797.00,2908.00
67126881188552864,20130427,3019.00,3019.00,945,19047632,57497521324.00,2941.00,3019.00,2903.00,3019.00
67126881188552864,20130428,3120.00,3139.00,178,3345335,10501006565.00,3139.00,3139.00,3019.00,3139.00
67126881188552864,20130429,3244.00,3244.00,201,5840662,18947107528.00,3244.00,3244.00,3120.00,3244.00
67126881188552864,20130430,3246.00,3201.00,3815,44147262,143299434464.00,3151.00,3333.00,3244.00,3280.00
67126881188552864,20130501,3343.00,3375.00,448,6972286,23310343080.00,3240.00,3375.00,3246.00,3245.00
67126881188552864,20130504,3475.00,3440.00,2257,61736305,214519855682.00,3375.00,3476.00,3343.00,3476.00
67126881188552864,20130505,3352.00,3336.00,1694,23839347,79902467278.00,3336.00,3420.00,3475.00,3351.00
67126881188552864,20130506,3261.00,3219.00,2098,20729186,67604868087.00,3218.00,3405.00,3352.00,3375.00
67126881188552864,20130507,3157.00,3131.00,257,3414367,10718034196.00,3131.00,3278.00,3261.00,3230.00
67126881188552864,20130508,3067.00,3150.00,1671,14444137,44293360983.00,3031.00,3160.00,3157.00,3090.00
67126881188552864,20130511,3158.00,3189.00,234,3085390,9827418861.00,3150.00,3189.00,3067.00,3180.00
67126881188552864,20130512,3268.00,3276.00,1461,21374898,69843419325.00,3100.00,3284.00,3158.00,3284.00
67126881188552864,20130513,3149.00,3138.00,574,5062038,15938308949.00,3138.00,3239.00,3268.00,3239.00
67126881188552864,20130514,3032.00,3098.00,1138,10963683,33242268886.00,3024.00,3110.00,3149.00,3050.00
67126881188552864,20130515,3075.00,3037.00,966,7849090,24139837997.00,2960.00,3153.00,3032.00,3138.00
67126881188552864,20130518,3044.00,2952.00,140,1079687,3197233738.00,2952.00,2999.00,3075.00,2999.00
67126881188552864,20130519,2940.00,3004.00,792,10246506,30124438292.00,2923.00,3030.00,3044.00,2923.00
67126881188552864,20130520,3045.00,3057.00,686,6887878,20971163291.00,2950.00,3057.00,2940.00,2990.00
67126881188552864,20130521,3089.00,3071.00,1005,9681950,29908533261.00,3002.00,3164.00,3045.00,3052.00
67126881188552864,20130522,3001.00,3051.00,843,7834679,23515348131.00,2966.00,3099.00,3089.00,2970.00
67126881188552864,20130525,3116.00,3121.00,316,4334711,13506409394.00,3060.00,3121.00,3001.00,3060.00
67126881188552864,20130526,3208.00,3170.00,1313,9731261,31216498389.00,3160.00,3240.00,3116.00,3200.00
67126881188552864,20130527,3096.00,3085.00,1150,9682891,29979210721.00,3080.00,3180.00,3208.00,3180.00
67126881188552864,20130528,3101.00,3067.00,884,6558007,20336113038.00,3060.00,3147.00,3096.00,3100.00
67126881188552864,20130529,3051.00,3028.00,1410,8360558,25505682530.00,3021.00,3110.00,3101.00,3090.00
67126881188552864,20130601,2957.00,2960.00,1172,9005862,26634127243.00,2930.00,3070.00,3051.00,3042.00
67126881188552864,20130602,2980.00,2965.00,635,3354943,10011963272.00,2950.00,3045.00,2957.00,3045.00
67126881188552864,20130603,2939.00,2920.00,819,5498540,16162728139.00,2915.00,2989.00,2980.00,2989.00
67126881188552864,20130608,2845.00,2822.00,793,5011415,14255434455.00,2822.00,2921.00,2939.00,2910.00
67126881188552864,20130609,2811.00,2801.00,606,2708172,7568381390.00,2766.00,2829.00,2845.00,2772.00
67126881188552864,20130610,2849.00,2923.00,227,1825499,5284419595.00,2800.00,2923.00,2811.00,2800.00
67126881188552864,20130611,2925.00,2962.00,168,2684432,7951287584.00,2962.00,2962.00,2849.00,2962.00
67126881188552864,20130612,3022.00,3042.00,1065,8948057,27042386401.00,2950.00,3042.00,2925.00,3010.00
67126881188552864,20130615,3067.00,3142.00,75,1480695,4652343690.00,3142.00,3142.00,3022.00,3142.00
67126881188552864,20130616,3130.00,3189.00,103,2055671,6555534819.00,3189.00,3189.00,3067.00,3189.00
67126881188552864,20130617,3255.00,3255.00,149,4006874,13042374870.00,3255.00,3255.00,3130.00,3255.00
67126881188552864,20130618,3385.00,3385.00,180,4360042,14758742170.00,3385.00,3385.00,3255.00,3385.00
67126881188552864,20130619,3520.00,3520.00,197,4030042,14185747840.00,3520.00,3520.00,3385.00,3520.00
67126881188552864,20130622,3618.00,3542.00,4107,66881859,241998866601.00,3501.00,3660.00,3520.00,3660.00
67126881188552864,20130623,3509.00,3520.00,1842,17388637,61014383785.00,3474.00,3620.00,3618.00,3615.00
67126881188552864,20130625,3590.00,3649.00,1281,10666585,38297177316.00,3488.00,3649.00,3509.00,3488.00
67126881188552864,20130626,3654.00,3733.00,120,1773881,6621897773.00,3733.00,3733.00,3590.00,3733.00
67126881188552864,20130629,3674.00,3800.00,86,535978,2036716400.00,3800.00,3800.00,3654.00,3800.00
67126881188552864,20130630,3820.00,3820.00,142,4495948,17174521360.00,3820.00,3820.00,3674.00,3820.00
67126881188552864,20130701,3932.00,3972.00,126,2938016,11669799552.00,3972.00,3972.00,3820.00,3972.00
67126881188552864,20130702,4076.00,4089.00,4978,86779436,353753398905.00,3951.00,4089.00,3932.00,4087.00
67126881188552864,20130703,4217.00,4239.00,613,10741252,45299083699.00,4155.00,4239.00,4076.00,4187.00
67126881188552864,20130706,4385.00,4385.00,3736,119450088,523787593883.00,4311.00,4385.00,4217.00,4385.00
67126881188552864,20130707,4497.00,4350.00,4548,66369194,298431638691.00,4265.00,4560.00,4385.00,4540.00
67126881188552864,20130708,4329.00,4318.00,1084,11257858,48731834494.00,4318.00,4400.00,4497.00,4323.00
67126881188552864,20130709,4171.00,4169.00,2916,32363579,134973656864.00,4156.00,4289.00,4329.00,4211.00
67126881188552864,20130710,4316.00,4238.00,1758,19795981,85432737613.00,4212.00,4337.00,4171.00,4250.00
67126881188552864,20130713,4146.00,4144.00,1582,21491361,89103204379.00,4144.00,4200.00,4316.00,4200.00
67126881188552864,20130714,4155.00,4140.00,1980,24119702,100217338166.00,4059.00,4290.00,4146.00,4100.00
67126881188552864,20130715,4155.00,4140.00,0,0,0.00,0.00,0.00,4155.00,0.00
67126881188552864,20130716,4155.00,4140.00,0,0,0.00,0.00,0.00,4155.00,0.00
67126881188552864,20130717,4123.00,4140.00,996,12702690,52377968936.00,4051.00,4180.00,3855.00,4068.00
67126881188552864,20130720,4287.00,4287.00,451,13587248,58248532176.00,4287.00,4287.00,4123.00,4287.00
67126881188552864,20130721,4457.00,4458.00,828,25127509,112005272690.00,4301.00,4458.00,4287.00,4458.00
67126881188552864,20130722,4617.00,4635.00,724,14614542,67472717886.00,4561.00,4635.00,4457.00,4598.00
67126881188552864,20130723,4801.00,4801.00,201,4307505,20680331505.00,4801.00,4801.00,4617.00,4801.00
67126881188552864,20130724,4934.00,4850.00,4179,64062727,316095798247.00,4830.00,4993.00,4801.00,4982.00
67126881188552864,20130727,4797.00,4800.00,1900,21455211,102914358384.00,4740.00,4889.00,4934.00,4811.00
67126881188552864,20130728,4946.00,4988.00,1739,29028772,143589619879.00,4760.00,4988.00,4797.00,4760.00
67126881188552864,20130729,5143.00,5143.00,259,7909790,40680049970.00,5143.00,5143.00,4946.00,5143.00
67126881188552864,20130731,5347.00,5348.00,133,3978608,21277595584.00,5348.00,5348.00,5143.00,5348.00
67126881188552864,20130803,5524.00,5560.00,4858,82573624,456137359315.00,5365.00,5560.00,5347.00,5560.00
67126881188552864,20130804,5642.00,5588.00,3291,29836149,168331549995.00,5390.00,5742.00,5524.00,5570.00
67126881188552864,20130805,5461.00,5430.00,2945,57908836,316238132413.00,5417.00,5730.00,5642.00,5650.00
67126881188552864,20130806,5505.00,5530.00,4635,35429119,195047945245.00,5451.00,5640.00,5461.00,5461.00
67126881188552864,20130807,5724.00,5725.00,3373,113449198,649416901499.00,5640.00,5725.00,5505.00,5640.00
67126881188552864,20130811,5952.00,5952.00,245,7496069,44616602688.00,5952.00,5952.00,5724.00,5952.00
67126881188552864,20130812,6190.00,6190.00,1185,27175598,168212598999.00,6151.00,6190.00,5952.00,6190.00
67126881188552864,20130813,6402.00,6397.00,4060,63833906,408636913561.00,6270.00,6437.00,6190.00,6437.00
67126881188552864,20130814,6594.00,6658.00,3010,37778535,249112903236.00,6270.00,6658.00,6402.00,6350.00
67126881188552864,20130817,6847.00,6857.00,2585,39465263,270204385894.00,6761.00,6857.00,6594.00,6857.00
67126881188552864,20130818,6847.00,6857.00,0,0,0.00,0.00,0.00,6847.00,0.00
67126881188552864,20130819,6847.00,6857.00,0,0,0.00,0.00,0.00,6847.00,0.00
67126881188552864,20130820,6847.00,6857.00,0,0,0.00,0.00,0.00,6847.00,0.00
67126881188552864,20130821,6847.00,6857.00,0,0,0.00,0.00,0.00,6847.00,0.00
67126881188552864,20130824,7099.00,7120.00,3170,58532603,415498430011.00,6960.00,7120.00,6847.00,7120.00
67126881188552864,20130825,7229.00,7020.00,5513,56726943,410071301936.00,7000.00,7382.00,7099.00,7350.00
67126881188552864,20130826,6970.00,6999.00,3069,51398893,358272506825.00,6940.00,7200.00,7229.00,7060.00
67126881188552864,20130827,7007.00,6692.00,4151,51747710,362612310034.00,6692.00,7248.00,6970.00,7070.00
67126881188552864,20130828,6984.00,6727.00,75,322312,2168192824.00,6727.00,6727.00,7007.00,6727.00
67126881188552864,20130831,6710.00,6705.00,1722,29750001,199615232195.00,6705.00,6850.00,6984.00,6705.00
67126881188552864,20130901,6632.00,6489.00,3157,34235806,227056051336.00,6470.00,6799.00,6710.00,6667.00
67126881188552864,20130903,6476.00,6367.00,735,15196023,98405900495.00,6367.00,6600.00,6632.00,6419.00
67126881188552864,20130904,6345.00,6217.00,71,2022401,12573267017.00,6217.00,6217.00,6476.00,6217.00
67126881188552864,20130907,6338.00,6092.00,13,108044,658204048.00,6092.00,6092.00,6345.00,6092.00
67126881188552864,20130908,6336.00,6085.00,19,32312,196618520.00,6085.00,6085.00,6338.00,6085.00
67126881188552864,20130909,6083.00,6083.00,496,14093353,85729866299.00,6083.00,6083.00,6336.00,6083.00
67126881188552864,20130910,6282.00,6326.00,1767,20301656,127525115202.00,6110.00,6326.00,6083.00,6199.00
67126881188552864,20130911,6417.00,6280.00,1811,21675475,139094135201.00,6200.00,6533.00,6282.00,6533.00
67126881188552864,20130914,6162.00,6161.00,385,4436943,27342327553.00,6161.00,6199.00,6417.00,6199.00
67126881188552864,20130915,5976.00,5916.00,1670,16903562,101023642746.00,5916.00,6160.00,6162.00,6020.00
67126881188552864,20130916,5926.00,6099.00,1356,10717934,63518552470.00,5761.00,6111.00,5976.00,5803.00
67126881188552864,20130917,6157.00,6163.00,415,6911639,42553375426.00,6040.00,6163.00,5926.00,6140.00
67126881188552864,20130918,6349.00,6403.00,165,3116947,19957811641.00,6403.00,6403.00,6157.00,6403.00
67126881188552864,20130921,6602.00,6602.00,203,6319643,41722283086.00,6602.00,6602.00,6349.00,6602.00
67126881188552864,20130922,6820.00,6866.00,3966,41986529,286332495853.00,6681.00,6866.00,6602.00,6800.00
67126881188552864,20130923,7067.00,7092.00,2469,17919048,126638515135.00,6875.00,7092.00,6820.00,6950.00
67126881188552864,20130924,6837.00,7050.00,2050,14561326,99556441877.00,6785.00,7180.00,7067.00,7180.00
67126881188552864,20130925,6953.00,6956.00,1308,11157163,77577882116.00,6731.00,7090.00,6837.00,6940.00
67126881188552864,20130928,7229.00,7231.00,2200,32724915,236559306585.00,7125.00,7231.00,6953.00,7231.00
67126881188552864,20130929,7025.00,6940.00,1643,13114822,92132576665.00,6940.00,7220.00,7229.00,7200.00
67126881188552864,20130930,6751.00,6744.00,1181,14167044,95642362268.00,6744.00,6850.00,7025.00,6752.00
67126881188552864,20131001,6754.00,6690.00,1932,15516481,104800256378.00,6572.00,6999.00,6751.00,6700.00
67126881188552864,20131002,6535.00,6630.00,2389,19769739,129186907032.00,6484.00,6740.00,6754.00,6635.00
67126881188552864,20131005,6789.00,6796.00,474,8137181,55247331771.00,6695.00,6796.00,6535.00,6695.00
67126881188552864,20131006,7006.00,6904.00,2360,25520990,178809923749.00,6900.00,7060.00,6789.00,7060.00
67126881188552864,20131007,6893.00,6843.00,1282,11940089,82305401887.00,6819.00,6995.00,7006.00,6924.00
67126881188552864,20131008,7135.00,7168.00,3127,43116466,307655043583.00,6860.00,7168.00,6893.00,6860.00
67126881188552864,20131009,7142.00,7130.00,2844,27815759,198672911911.00,7020.00,7280.00,7135.00,7200.00
67126881188552864,20131012,7400.00,7427.00,4429,56980366,421630035234.00,7220.00,7427.00,7142.00,7250.00
67126881188552864,20131013,7643.00,7440.00,3796,44894993,343143146746.00,7431.00,7696.00,7400.00,7640.00
67126881188552864,20131014,7781.00,7800.00,3536,32318493,251454825127.00,7339.00,7947.00,7643.00,7420.00
67126881188552864,20131015,7785.00,7650.00,2725,16779431,130631407489.00,7561.00,8048.00,7781.00,7888.00
67126881188552864,20131019,7641.00,7474.00,2749,20756233,158591038639.00,7474.00,7905.00,7785.00,7800.00
67126881188552864,20131020,7338.00,7336.00,1497,21471552,157557544584.00,7336.00,7490.00,7641.00,7336.00
67126881188552864,20131021,7378.00,7301.00,1970,16710609,123285374495.00,7252.00,7600.00,7338.00,7350.00
67126881188552864,20131022,7167.00,7130.00,1293,8510199,60995160714.00,7090.00,7370.00,7378.00,7370.00
67126881188552864,20131023,7121.00,7200.00,1702,11337310,80731445354.00,6925.00,7320.00,7167.00,7050.00
67126881188552864,20131026,7326.00,7247.00,1345,9645198,70656238266.00,7220.00,7399.00,7121.00,7279.00
67126881188552864,20131027,7062.00,7033.00,1136,8425588,59500949095.00,7033.00,7347.00,7326.00,7347.00
67126881188552864,20131028,7229.00,7320.00,1045,7703100,55685834872.00,7100.00,7340.00,7062.00,7101.00
67126881188552864,20131029,7504.00,7518.00,1131,15957674,119744690652.00,7350.00,7518.00,7229.00,7350.00
67126881188552864,20131030,7804.00,7804.00,288,7153668,55827225072.00,7804.00,7804.00,7504.00,7804.00
67126881188552864,20131102,8099.00,8116.00,5001,60932366,493511376866.00,7945.00,8116.00,7804.00,8116.00
67126881188552864,20131103,8389.00,8348.00,3397,34558567,289910200437.00,8208.00,8422.00,8099.00,8208.00
67126881188552864,20131104,8498.00,8300.00,4112,34740673,295229366177.00,8152.00,8724.00,8389.00,8155.00
67126881188552864,20131105,8491.00,8440.00,2161,14369397,122015678576.00,8340.00,8638.00,8498.00,8350.00
67126881188552864,20131106,8791.00,8800.00,3249,29255618,257174174464.00,8451.00,8830.00,8491.00,8451.00
67126881188552864,20131109,9136.00,9142.00,2102,21753028,198735841002.00,9001.00,9142.00,8791.00,9140.00
67126881188552864,20131110,8888.00,8800.00,2914,22540870,200345294411.00,8771.00,9267.00,9136.00,9000.00
67126881188552864,20131111,8962.00,8820.00,3273,17189678,154058745295.00,8630.00,9180.00,8888.00,8800.00
67126881188552864,20131112,8962.00,8820.00,0,0,0.00,0.00,0.00,8962.00,0.00
67126881188552864,20131116,8962.00,8820.00,0,0,0.00,0.00,0.00,8962.00,0.00
67126881188552864,20131117,8962.00,8820.00,0,0,0.00,0.00,0.00,8962.00,0.00
67126881188552864,20131118,8962.00,8820.00,0,0,0.00,0.00,0.00,8962.00,0.00
67126881188552864,20131119,8962.00,8820.00,0,0,0.00,0.00,0.00,8962.00,0.00
67126881188552864,20131120,8962.00,8820.00,0,0,0.00,0.00,0.00,8962.00,0.00
67126881188552864,20131123,8962.00,8820.00,0,0,0.00,0.00,0.00,8962.00,0.00
67126881188552864,20131124,8962.00,8820.00,0,0,0.00,0.00,0.00,8962.00,0.00
67126881188552864,20131125,8962.00,8820.00,0,0,0.00,0.00,0.00,8962.00,0.00
67126881188552864,20131126,8962.00,8820.00,0,0,0.00,0.00,0.00,8962.00,0.00
67126881188552864,20131127,8962.00,8820.00,0,0,0.00,0.00,0.00,8962.00,0.00
67126881188552864,20131130,8942.00,8820.00,0,0,0.00,0.00,0.00,8942.00,0.00
67126881188552864,20131201,9014.00,9299.00,73,799908,7438344492.00,9299.00,9299.00,8942.00,9299.00
67126881188552864,20131202,9027.00,9374.00,77,145698,1365773052.00,9374.00,9374.00,9014.00,9374.00
67126881188552864,20131203,9043.00,9388.00,65,176328,1655367264.00,9388.00,9388.00,9027.00,9388.00
67126881188552864,20131204,9057.00,9404.00,59,152273,1431975292.00,9404.00,9404.00,9043.00,9404.00
67126881188552864,20131207,9067.00,9419.00,60,105065,989607235.00,9419.00,9419.00,9057.00,9419.00
67126881188552864,20131208,9079.00,9429.00,49,135421,1276884609.00,9429.00,9429.00,9067.00,9429.00
67126881188552864,20131209,9103.00,9442.00,49,258924,2444760408.00,9442.00,9442.00,9079.00,9442.00
67126881188552864,20131210,9467.00,9467.00,119,4130751,39105819717.00,9467.00,9467.00,9103.00,9467.00
67126881188552864,20131211,9669.00,9845.00,73,2135792,21026872240.00,9845.00,9845.00,9467.00,9845.00
67126881188552864,20131214,10037.00,10055.00,160,3808766,38297142130.00,10055.00,10055.00,9669.00,10055.00
67126881188552864,20131215,10059.00,10438.00,53,214629,2240297502.00,10438.00,10438.00,10037.00,10438.00
67126881188552864,20131216,10461.00,10461.00,163,3990159,41741053299.00,10461.00,10461.00,10059.00,10461.00
67126881188552864,20131217,10705.00,10879.00,100,2332749,25377976371.00,10879.00,10879.00,10461.00,10879.00
67126881188552864,20131218,10735.00,11133.00,80,277579,3090287007.00,11133.00,11133.00,10705.00,11133.00
67126881188552864,20131221,10911.00,11164.00,116,1637482,18280849048.00,11164.00,11164.00,10735.00,11164.00
67126881188552864,20131222,11047.00,11347.00,91,1247778,14158536966.00,11347.00,11347.00,10911.00,11347.00
67126881188552864,20131224,11130.00,11488.00,82,747994,8592955072.00,11488.00,11488.00,11047.00,11488.00
67126881188552864,20131225,11274.00,11575.00,91,1287078,14897927850.00,11575.00,11575.00,11130.00,11575.00
67126881188552864,20131228,11364.00,11724.00,95,797112,9345341088.00,11724.00,11724.00,11274.00,11724.00
67126881188552864,20131229,11578.00,11818.00,109,1881194,22231950692.00,11818.00,11818.00,11364.00,11818.00
67126881188552864,20131230,12041.00,12041.00,191,5236782,63056092062.00,12041.00,12041.00,11578.00,12041.00
67126881188552864,20140101,12144.00,12522.00,74,851114,10657649508.00,12522.00,12522.00,12041.00,12522.00
67126881188552864,20140104,12280.00,12629.00,85,1118550,14126167950.00,12629.00,12629.00,12144.00,12629.00
67126881188552864,20140105,12297.00,12771.00,56,137326,1753790346.00,12771.00,12771.00,12280.00,12771.00
67126881188552864,20140106,12335.00,12788.00,68,309860,3962489680.00,12788.00,12788.00,12297.00,12788.00
67126881188552864,20140107,12366.00,12828.00,74,252854,3243611112.00,12828.00,12828.00,12335.00,12828.00
67126881188552864,20140108,12417.00,12860.00,64,410570,5279930200.00,12860.00,12860.00,12366.00,12860.00
67126881188552864,20140111,12451.00,12913.00,59,273655,3533707015.00,12913.00,12913.00,12417.00,12913.00
67126881188552864,20140112,12475.00,12800.00,14317,129553635,1616204334034.00,11953.00,12949.00,12451.00,12949.00
67126881188552864,20140113,12974.00,12974.00,484,10758560,139581557440.00,12974.00,12974.00,12475.00,12974.00
67126881188552864,20140114,13243.00,12979.00,9077,41297952,546888366877.00,12750.00,13492.00,12974.00,13492.00
67126881188552864,20140115,12719.00,12714.00,2060,19157611,243670608555.00,12714.00,12900.00,13243.00,12800.00
67126881188552864,20140118,12242.00,12211.00,1191,15712756,192357060762.00,12211.00,12450.00,12719.00,12290.00
67126881188552864,20140120,11761.00,11753.00,901,7820932,91983862533.00,11753.00,11996.00,12242.00,11753.00
67126881188552864,20140121,11394.00,11291.00,3259,21406590,243896547672.00,11291.00,11753.00,11761.00,11291.00
67126881188552864,20140122,10940.00,10939.00,1966,25405964,277949796424.00,10939.00,11087.00,11394.00,10939.00
67126881188552864,20140125,10739.00,10503.00,3732,25164505,270251866942.00,10503.00,11300.00,10940.00,10800.00
67126881188552864,20140126,10354.00,10310.00,1039,7241249,74976727989.00,10310.00,10700.00,10739.00,10515.00
67126881188552864,20140127,10354.00,10310.00,0,0,0.00,0.00,0.00,10354.00,0.00
67126881188552864,20140128,10354.00,10310.00,0,0,0.00,0.00,0.00,10354.00,0.00
67126881188552864,20140129,10354.00,10310.00,0,0,0.00,0.00,0.00,10354.00,0.00
67126881188552864,20140201,10354.00,10310.00,0,0,0.00,0.00,0.00,10354.00,0.00
67126881188552864,20140202,10354.00,10310.00,0,0,0.00,0.00,0.00,10354.00,0.00
67126881188552864,20140203,10354.00,10310.00,0,0,0.00,0.00,0.00,10354.00,0.00
67126881188552864,20140204,10354.00,10310.00,0,0,0.00,0.00,0.00,10354.00,0.00
67126881188552864,20140205,10354.00,10310.00,0,0,0.00,0.00,0.00,10354.00,0.00
67126881188552864,20140208,10354.00,10310.00,0,0,0.00,0.00,0.00,10354.00,0.00
67126881188552864,20140209,10354.00,10310.00,0,0,0.00,0.00,0.00,10354.00,0.00
67126881188552864,20140210,10354.00,10310.00,0,0,0.00,0.00,0.00,10354.00,0.00
67126881188552864,20140212,10354.00,10310.00,0,0,0.00,0.00,0.00,10354.00,0.00
67126881188552864,20140215,10354.00,10310.00,0,0,0.00,0.00,0.00,10354.00,0.00
67126881188552864,20140216,10354.00,10310.00,0,0,0.00,0.00,0.00,10354.00,0.00
67126881188552864,20140217,10354.00,10310.00,0,0,0.00,0.00,0.00,10354.00,0.00
67126881188552864,20140218,10354.00,10310.00,0,0,0.00,0.00,0.00,10354.00,0.00
67126881188552864,20140219,10354.00,10310.00,0,0,0.00,0.00,0.00,10354.00,0.00
67126881188552864,20140222,10354.00,10310.00,0,0,0.00,0.00,0.00,10354.00,0.00
67126881188552864,20140223,10354.00,10310.00,0,0,0.00,0.00,0.00,10354.00,0.00
67126881188552864,20140224,10354.00,10310.00,0,0,0.00,0.00,0.00,10354.00,0.00
67126881188552864,20140225,10354.00,10310.00,0,0,0.00,0.00,0.00,10354.00,0.00
67126881188552864,20140226,10354.00,10310.00,0,0,0.00,0.00,0.00,10354.00,0.00
67126881188552864,20140301,10354.00,10310.00,0,0,0.00,0.00,0.00,10354.00,0.00
67126881188552864,20140302,10354.00,10310.00,0,0,0.00,0.00,0.00,10354.00,0.00
67126881188552864,20140303,10354.00,10310.00,0,0,0.00,0.00,0.00,10354.00,0.00
67126881188552864,20140304,10354.00,10310.00,0,0,0.00,0.00,0.00,10354.00,0.00
67126881188552864,20140305,10354.00,10310.00,0,0,0.00,0.00,0.00,10354.00,0.00
67126881188552864,20140308,10354.00,10310.00,0,0,0.00,0.00,0.00,10354.00,0.00
67126881188552864,20140309,10354.00,10310.00,0,0,0.00,0.00,0.00,10354.00,0.00
67126881188552864,20140310,10354.00,10310.00,0,0,0.00,0.00,0.00,10354.00,0.00
67126881188552864,20140311,10354.00,10310.00,0,0,0.00,0.00,0.00,10354.00,0.00
67126881188552864,20140312,10354.00,10310.00,0,0,0.00,0.00,0.00,10354.00,0.00
67126881188552864,20140315,10354.00,10310.00,0,0,0.00,0.00,0.00,10354.00,0.00
67126881188552864,20140316,10354.00,10310.00,0,0,0.00,0.00,0.00,10354.00,0.00
67126881188552864,20140317,8880.00,8910.00,6248,31467371,279436991145.00,8650.00,9030.00,10354.00,8900.00
67126881188552864,20140318,9004.00,8840.00,4285,17607958,158533810825.00,8801.00,9198.00,8880.00,8999.00
67126881188552864,20140319,8691.00,8644.00,1015,4333581,37664176072.00,8644.00,8880.00,9004.00,8830.00
67126881188552864,20140325,8684.00,8344.00,79,84302,703415888.00,8344.00,8344.00,8691.00,8344.00
67126881188552864,20140326,8645.00,8337.00,46,452529,3772734273.00,8337.00,8337.00,8684.00,8337.00
67126881188552864,20140329,8635.00,8300.00,33,113350,940805000.00,8300.00,8300.00,8645.00,8300.00
67126881188552864,20140330,8617.00,8290.00,97,213577,1770553330.00,8290.00,8290.00,8635.00,8290.00
67126881188552864,20140331,8313.00,8273.00,6118,33125180,275367671794.00,8273.00,8598.00,8617.00,8273.00
67126881188552864,20140405,8111.00,8079.00,3411,11725627,95104258811.00,7981.00,8470.00,8313.00,8470.00
67126881188552864,20140406,7863.00,7787.00,971,3558578,27873061866.00,7787.00,8050.00,8111.00,8000.00
67126881188552864,20140407,7657.00,7650.00,3312,12749784,97619588269.00,7549.00,7870.00,7863.00,7700.00
67126881188552864,20140408,7910.00,7790.00,2414,9729191,76959350844.00,7690.00,7963.00,7657.00,7850.00
67126881188552864,20140409,7637.00,7594.00,1560,6008842,45889669825.00,7594.00,7850.00,7910.00,7850.00
67126881188552864,20140412,7481.00,7332.00,633,2505717,18513299350.00,7332.00,7529.00,7637.00,7400.00
67126881188552864,20140413,7182.00,7182.00,366,4469396,32099202072.00,7182.00,7182.00,7481.00,7182.00
67126881188552864,20140414,6896.00,6895.00,963,11293306,77875125214.00,6895.00,6950.00,7182.00,6895.00
67126881188552864,20140415,6872.00,6756.00,2469,13697815,94128876138.00,6650.00,7170.00,6896.00,6894.00
67126881188552864,20140416,6968.00,6900.00,1496,6341830,44187360976.00,6802.00,7128.00,6872.00,6910.00
67126881188552864,20140419,6740.00,6690.00,456,3480372,23340623248.00,6690.00,6900.00,6968.00,6809.00
67126881188552864,20140420,6968.00,7009.00,542,3480747,24369142657.00,6850.00,7009.00,6740.00,6950.00
67126881188552864,20140421,7214.00,7246.00,404,3697992,26748224783.00,7160.00,7246.00,6968.00,7200.00
67126881188552864,20140422,7434.00,7250.00,3001,19931268,148174202056.00,7201.00,7502.00,7214.00,7502.00
67126881188552864,20140423,7638.00,7731.00,1561,12955528,98953915994.00,7302.00,7731.00,7434.00,7399.00
67126881188552864,20140426,7706.00,7943.00,137,672829,5344280747.00,7943.00,7943.00,7638.00,7943.00
67126881188552864,20140427,8002.00,7940.00,4839,39093568,312820024123.00,7800.00,8014.00,7706.00,8014.00
67126881188552864,20140428,8064.00,8200.00,2657,12420112,100159190490.00,7800.00,8219.00,8002.00,7800.00
67126881188552864,20140429,8261.00,8070.00,3272,16949477,140011792043.00,8050.00,8386.00,8064.00,8250.00
67126881188552864,20140430,8408.00,8420.00,2683,12904123,108503555803.00,8100.00,8553.00,8261.00,8249.00
67126881188552864,20140503,8507.00,8360.00,2561,10380049,88306573285.00,8273.00,8698.00,8408.00,8654.00
67126881188552864,20140504,8186.00,8167.00,1137,6603336,54052578899.00,8167.00,8350.00,8507.00,8350.00
67126881188552864,20140505,8094.00,8095.00,2080,8800777,71232824525.00,7901.00,8380.00,8186.00,8030.00
67126881188552864,20140506,7922.00,7805.00,1501,5709204,45231112681.00,7800.00,8160.00,8094.00,8145.00
67126881188552864,20140507,7877.00,7824.00,1146,5104447,40205295608.00,7689.00,7988.00,7922.00,7810.00
67126881188552864,20140510,7795.00,7650.00,858,3891677,30335506928.00,7622.00,7950.00,7877.00,7950.00
67126881188552864,20140511,7868.00,8057.00,1490,7312327,57530200286.00,7601.00,8100.00,7795.00,7783.00
67126881188552864,20140512,8051.00,8029.00,985,4254618,34254808841.00,7921.00,8142.00,7868.00,8121.00
67126881188552864,20140514,8074.00,8090.00,1067,3578201,28891548862.00,8002.00,8150.00,8051.00,8051.00
67126881188552864,20140517,7780.00,7768.00,1194,7656715,59565713533.00,7752.00,7865.00,8074.00,7850.00
67126881188552864,20140518,7822.00,7844.00,777,3891571,30438982116.00,7760.00,7970.00,7780.00,7899.00
67126881188552864,20140519,7600.00,7510.00,1330,8058359,61244397536.00,7510.00,7910.00,7822.00,7851.00
67126881188552864,20140520,7625.00,7550.00,1095,5341040,40726123470.00,7500.00,7760.00,7600.00,7614.00
67126881188552864,20140521,7546.00,7474.00,1131,4071482,30724563240.00,7452.00,7700.00,7625.00,7635.00
67126881188552864,20140524,7445.00,7355.00,929,3837875,28573821893.00,7353.00,7648.00,7546.00,7648.00
67126881188552864,20140525,7157.00,7148.00,1193,5240136,37502825203.00,7148.00,7300.00,7445.00,7300.00
67126881188552864,20140526,7177.00,7150.00,1120,2726467,19574005591.00,7035.00,7285.00,7157.00,7148.00
67126881188552864,20140528,7174.00,7177.00,1135,3321759,23831254025.00,7100.00,7298.00,7177.00,7200.00
67126881188552864,20140531,7205.00,7184.00,867,3045950,21947036246.00,7156.00,7323.00,7174.00,7174.00
67126881188552864,20140601,6983.00,6950.00,921,4121498,28781837622.00,6917.00,7200.00,7205.00,7200.00
67126881188552864,20140602,7178.00,7262.00,728,5011308,35971235789.00,6994.00,7262.00,6983.00,7079.00
67126881188552864,20140603,7457.00,7465.00,437,4330263,32292891383.00,7350.00,7465.00,7178.00,7465.00
67126881188552864,20140607,7743.00,7680.00,2388,15001321,116152863925.00,7660.00,7755.00,7457.00,7755.00
67126881188552864,20140608,7701.00,7610.00,1064,4149900,31958839429.00,7520.00,7809.00,7743.00,7740.00
67126881188552864,20140609,7628.00,7502.00,669,3073928,23448865702.00,7501.00,7798.00,7701.00,7710.00
67126881188552864,20140610,7428.00,7330.00,538,2386012,17600990448.00,7323.00,7643.00,7628.00,7643.00
67126881188552864,20140611,7297.00,7240.00,454,1902029,13735540046.00,7171.00,7388.00,7428.00,7211.00
67126881188552864,20140614,7128.00,7006.00,712,5359949,38208216185.00,7006.00,7250.00,7297.00,7240.00
67126881188552864,20140615,6874.00,7050.00,1104,6153658,42300767107.00,6843.00,7080.00,7128.00,7010.00
67126881188552864,20140616,7090.00,7100.00,741,6399326,45371528975.00,7005.00,7145.00,6874.00,7005.00
67126881188552864,20140617,7075.00,6996.00,371,1203616,8487693388.00,6955.00,7158.00,7090.00,7099.00
67126881188552864,20140618,7121.00,7240.00,604,2207207,15754380988.00,7000.00,7299.00,7075.00,7070.00
67126881188552864,20140621,7125.00,7085.00,559,2430287,17318693596.00,7030.00,7300.00,7121.00,7280.00
67126881188552864,20140622,7125.00,7090.00,399,1515237,10795877447.00,7050.00,7220.00,7125.00,7190.00
67126881188552864,20140623,7065.00,7000.00,427,2003716,14095500853.00,6950.00,7159.00,7125.00,7150.00
67126881188552864,20140624,7017.00,6920.00,452,1344367,9355006960.00,6850.00,7099.00,7065.00,7099.00
67126881188552864,20140625,6924.00,6809.00,671,2227917,15354566849.00,6761.00,7069.00,7017.00,6900.00
67126881188552864,20140628,6720.00,6648.00,786,3584953,24089942016.00,6648.00,6900.00,6924.00,6900.00
67126881188552864,20140629,6557.00,6452.00,320,2039193,13215390734.00,6452.00,6648.00,6720.00,6531.00
67126881188552864,20140630,6369.00,6295.00,284,2189150,13789692611.00,6295.00,6430.00,6557.00,6295.00
67126881188552864,20140701,6373.00,6481.00,1044,4216588,26871403802.00,6115.00,6588.00,6369.00,6165.00
67126881188552864,20140702,6544.00,6627.00,336,2413451,15894073235.00,6402.00,6627.00,6373.00,6410.00
67126881188552864,20140705,6692.00,6760.00,345,1723751,11723096633.00,6750.00,6805.00,6544.00,6805.00
67126881188552864,20140706,6657.00,6445.00,1231,5528901,36808059831.00,6425.00,6959.00,6692.00,6710.00
67126881188552864,20140707,6725.00,6656.00,550,3717744,25002917806.00,6472.00,6899.00,6657.00,6473.00
67126881188552864,20140708,6977.00,6994.00,422,4072001,28410191740.00,6750.00,6994.00,6725.00,6750.00
67126881188552864,20140709,6891.00,6730.00,772,3369314,23217996252.00,6720.00,7050.00,6977.00,7045.00
67126881188552864,20140712,6817.00,6720.00,518,2115098,14351661134.00,6685.00,7000.00,6891.00,6729.00
67126881188552864,20140713,6560.00,6545.00,715,2971244,19484272099.00,6545.00,6844.00,6817.00,6844.00
67126881188552864,20140714,6426.00,6470.00,591,3224197,20719432131.00,6360.00,6570.00,6560.00,6500.00
67126881188552864,20140715,6545.00,6683.00,860,5899425,38612996992.00,6260.00,6683.00,6426.00,6500.00
67126881188552864,20140716,6803.00,6806.00,515,4338828,29518296639.00,6749.00,6806.00,6545.00,6749.00
67126881188552864,20140720,6803.00,6806.00,0,0,0.00,0.00,0.00,6803.00,0.00
67126881188552864,20140721,6803.00,6806.00,0,0,0.00,0.00,0.00,6803.00,0.00
67126881188552864,20140722,6520.00,6806.00,0,0,0.00,0.00,0.00,6520.00,0.00
67126881188552864,20140723,6520.00,6806.00,0,0,0.00,0.00,0.00,6520.00,0.00
67126881188552864,20140726,6735.00,6790.00,566,4121691,27758707075.00,6571.00,6833.00,6520.00,6571.00
67126881188552864,20140727,6945.00,7004.00,1202,18973226,131765560550.00,6701.00,7004.00,6735.00,6840.00
67126881188552864,20140728,7213.00,7222.00,1642,14098696,101699190054.00,7090.00,7222.00,6945.00,7100.00
67126881188552864,20140802,7290.00,7231.00,821,3861620,28152909215.00,7169.00,7480.00,7213.00,7370.00
67126881188552864,20140803,7244.00,7200.00,508,2393661,17312192101.00,7100.00,7350.00,7290.00,7300.00
67126881188552864,20140804,7336.00,7250.00,613,3332250,24445894875.00,7250.00,7437.00,7244.00,7336.00
67126881188552864,20140805,7308.00,7179.00,416,2485753,18152509153.00,7161.00,7390.00,7336.00,7370.00
67126881188552864,20140806,7425.00,7514.00,1538,12918576,95919185714.00,7251.00,7550.00,7308.00,7389.00
67126881188552864,20140809,7668.00,7520.00,1601,9181337,70402979118.00,7481.00,7722.00,7425.00,7570.00
67126881188552864,20140810,7585.00,7560.00,715,3405370,25831400943.00,7500.00,7690.00,7668.00,7590.00
67126881188552864,20140811,7566.00,7496.00,600,3094582,23413665924.00,7478.00,7650.00,7585.00,7602.00
67126881188552864,20140812,7454.00,7456.00,633,3535961,26358630835.00,7351.00,7580.00,7566.00,7530.00
67126881188552864,20140813,7387.00,7290.00,529,1758684,12908328244.00,7276.00,7491.00,7454.00,7450.00
67126881188552864,20140816,7249.00,7138.00,555,2266038,16325552809.00,7135.00,7369.00,7387.00,7369.00
67126881188552864,20140817,7237.00,7246.00,592,3111702,22519816093.00,7130.00,7349.00,7249.00,7200.00
67126881188552864,20140818,7228.00,7290.00,497,3196538,23105091126.00,7152.00,7297.00,7237.00,7246.00
67126881188552864,20140819,7245.00,7240.00,443,2378637,17244948736.00,7225.00,7292.00,7228.00,7280.00
67126881188552864,20140820,7302.00,7241.00,578,4560339,33297818991.00,7231.00,7478.00,7245.00,7260.00
67126881188552864,20140823,7287.00,7280.00,465,2883190,21007771708.00,7161.00,7390.00,7302.00,7289.00
67126881188552864,20140824,7312.00,7289.00,751,6562502,47986514878.00,7221.00,7397.00,7287.00,7389.00
67126881188552864,20140825,7326.00,7340.00,534,3630823,26598425209.00,7270.00,7380.00,7312.00,7330.00
67126881188552864,20140826,7187.00,7122.00,943,4117851,29595287862.00,7100.00,7380.00,7326.00,7270.00
67126881188552864,20140827,7064.00,7040.00,719,3621855,25585762624.00,7020.00,7160.00,7187.00,7160.00
67126881188552864,20140830,6960.00,6860.00,491,1912193,13194251162.00,6801.00,7109.00,7064.00,7109.00
67126881188552864,20140831,6911.00,6848.00,463,1679721,11543895025.00,6777.00,7000.00,6960.00,6948.00
67126881188552864,20140901,6878.00,6810.00,648,1192766,8142788866.00,6790.00,6908.00,6911.00,6908.00
67126881188552864,20140902,6779.00,6740.00,838,2586576,17494056451.00,6700.00,6849.00,6878.00,6808.00
67126881188552864,20140903,6813.00,6780.00,520,1701818,11639260139.00,6738.00,6998.00,6779.00,6790.00
67126881188552864,20140906,6690.00,6567.00,964,3064227,20500088213.00,6567.00,6889.00,6813.00,6849.00
67126881188552864,20140907,6635.00,6600.00,892,2415273,15991980472.00,6482.00,6720.00,6690.00,6601.00
67126881188552864,20140908,6693.00,6639.00,595,2076377,13949537273.00,6631.00,6888.00,6635.00,6761.00
67126881188552864,20140909,6766.00,6700.00,938,2658128,18010406432.00,6671.00,6900.00,6693.00,6770.00
67126881188552864,20140910,6757.00,6650.00,361,2014882,13606190602.00,6609.00,6890.00,6766.00,6789.00
67126881188552864,20140913,6492.00,6487.00,1061,5520969,35840210680.00,6487.00,6630.00,6757.00,6612.00
67126881188552864,20140914,6503.00,6500.00,711,7620311,49551672826.00,6350.00,6540.00,6492.00,6492.00
67126881188552864,20140915,6504.00,6480.00,407,1673655,10886123126.00,6457.00,6590.00,6503.00,6500.00
67126881188552864,20140916,6503.00,6510.00,412,2243606,14589567232.00,6421.00,6590.00,6504.00,6590.00
67126881188552864,20140917,6502.00,6505.00,416,1690065,10988160784.00,6460.00,6550.00,6503.00,6501.00
67126881188552864,20140920,6501.00,6481.00,407,1091545,7095137383.00,6481.00,6547.00,6502.00,6502.00
67126881188552864,20140921,6514.00,6550.00,394,2082016,13573441667.00,6490.00,6595.00,6501.00,6503.00
67126881188552864,20140922,6515.00,6502.00,365,851685,5551623488.00,6502.00,6600.00,6514.00,6536.00
67126881188552864,20140923,6513.00,6485.00,333,1717677,11185678778.00,6485.00,6580.00,6515.00,6580.00
67126881188552864,20140924,6528.00,6528.00,310,1793311,11724567020.00,6513.00,6570.00,6513.00,6560.00
67126881188552864,20140927,6506.00,6420.00,336,1660662,10775488336.00,6405.00,6587.00,6528.00,6520.00
67126881188552864,20140928,6482.00,6450.00,444,1793171,11593005283.00,6370.00,6516.00,6506.00,6500.00
67126881188552864,20140929,6472.00,6370.00,328,814833,5251710101.00,6351.00,6500.00,6482.00,6500.00
67126881188552864,20140930,6470.00,6477.00,342,1298029,8395787439.00,6440.00,6490.00,6472.00,6490.00
67126881188552864,20141001,6469.00,6466.00,286,831295,5375007263.00,6440.00,6490.00,6470.00,6480.00
67126881188552864,20141004,6460.00,6460.00,302,1085054,6991185461.00,6410.00,6497.00,6469.00,6497.00
67126881188552864,20141006,6449.00,6390.00,312,920282,5910792656.00,6388.00,6490.00,6460.00,6490.00
67126881188552864,20141007,6398.00,6290.00,467,1768656,11254334210.00,6257.00,6459.00,6449.00,6449.00
67126881188552864,20141008,6362.00,6255.00,417,968225,6086624265.00,6250.00,6365.00,6398.00,6365.00
67126881188552864,20141011,6289.00,6175.00,701,1719086,10718819455.00,6170.00,6350.00,6362.00,6350.00
67126881188552864,20141012,6457.00,6502.00,806,5414525,34959345023.00,6256.00,6538.00,6289.00,6299.00
67126881188552864,20141014,6482.00,6490.00,435,1459627,9500371209.00,6455.00,6553.00,6457.00,6550.00
67126881188552864,20141015,6538.00,6530.00,600,17574741,114907745936.00,6400.00,6554.00,6482.00,6549.00
67126881188552864,20141018,6774.00,6799.00,1322,17934241,121485048405.00,6530.00,6799.00,6538.00,6539.00
67126881188552864,20141019,6998.00,7044.00,956,6672276,46689531587.00,6855.00,7044.00,6774.00,6975.00
67126881188552864,20141020,7277.00,7277.00,880,19220787,139868572972.00,7230.00,7277.00,6998.00,7277.00
67126881188552864,20141021,7561.00,7520.00,2724,26911839,203485021386.00,7277.00,7568.00,7277.00,7387.00
67126881188552864,20141022,7532.00,7500.00,1454,7429099,55957198809.00,7401.00,7690.00,7561.00,7520.00
67126881188552864,20141025,7593.00,7535.00,905,7817542,59359353408.00,7502.00,7675.00,7532.00,7600.00
67126881188552864,20141026,7511.00,7399.00,755,3936075,29565390946.00,7384.00,7640.00,7593.00,7640.00
67126881188552864,20141027,7449.00,7424.00,798,6026563,44892882320.00,7418.00,7550.00,7511.00,7511.00
67126881188552864,20141028,7282.00,7240.00,642,4529128,32980732334.00,7213.00,7459.00,7449.00,7459.00
67126881188552864,20141029,7493.00,7450.00,821,7147382,53558394997.00,7300.00,7569.00,7282.00,7300.00
67126881188552864,20141101,7772.00,7792.00,1078,10741326,83484612107.00,7482.00,7792.00,7493.00,7484.00
67126881188552864,20141102,8047.00,8082.00,1392,11845087,95312232205.00,7851.00,8082.00,7772.00,8020.00
67126881188552864,20141105,8365.00,8368.00,1414,23646474,197807560613.00,8150.00,8368.00,8047.00,8210.00
67126881188552864,20141108,8378.00,8320.00,1626,9547046,79985656676.00,8200.00,8598.00,8365.00,8598.00
67126881188552864,20141109,8424.00,8400.00,934,16187242,136357554482.00,8255.00,8541.00,8378.00,8360.00
67126881188552864,20141110,8321.00,8333.00,736,8223498,68427583962.00,8218.00,8499.00,8424.00,8430.00
67126881188552864,20141111,8397.00,8397.00,895,8045993,67563298829.00,8303.00,8480.00,8321.00,8333.00
67126881188552864,20141112,8375.00,8270.00,723,3306607,27691216806.00,8250.00,8479.00,8397.00,8400.00
67126881188552864,20141115,8184.00,8079.00,1170,9834298,80485262145.00,8040.00,8376.00,8375.00,8299.00
67126881188552864,20141116,8129.00,8150.00,1159,7049893,57308422221.00,7988.00,8210.00,8184.00,8180.00
67126881188552864,20141117,8184.00,8130.00,733,9440665,77261922109.00,8112.00,8250.00,8129.00,8200.00
67126881188552864,20141118,8099.00,8129.00,579,3553155,28777140535.00,7988.00,8230.00,8184.00,8184.00
67126881188552864,20141119,8092.00,8129.00,1095,6495198,52556860131.00,7990.00,8192.00,8099.00,8135.00
67126881188552864,20141122,8110.00,8120.00,511,2758774,22378687057.00,8045.00,8175.00,8092.00,8090.00
67126881188552864,20141123,8243.00,8220.00,1097,13222345,108993729083.00,8100.00,8429.00,8110.00,8121.00
67126881188552864,20141124,8499.00,8372.00,2127,10203397,86715079735.00,8336.00,8572.00,8243.00,8460.00
67126881188552864,20141125,8160.00,8160.00,125,3017177,24620164320.00,8160.00,8160.00,8499.00,8160.00
67126881188552864,20141126,7850.00,7929.00,1421,14906583,117013603941.00,7834.00,7950.00,8160.00,7834.00
67126881188552864,20141129,7705.00,7536.00,498,2935917,22610857967.00,7536.00,8100.00,7850.00,7862.00
67126881188552864,20141130,7398.00,7397.00,194,3044005,22518073724.00,7397.00,7488.00,7705.00,7398.00
67126881188552864,20141201,7162.00,7162.00,854,5722325,40983075626.00,7103.00,7332.00,7398.00,7170.00
67126881188552864,20141202,7091.00,7027.00,739,8293671,58812702914.00,6970.00,7248.00,7162.00,7190.00
67126881188552864,20141203,6960.00,6860.00,1069,15678811,109130992956.00,6808.00,7090.00,7091.00,7090.00
67126881188552864,20141206,6967.00,6790.00,707,7496649,52228346368.00,6682.00,7070.00,6960.00,7000.00
67126881188552864,20141207,6863.00,6890.00,374,2030178,13831695714.00,6700.00,6950.00,6967.00,6900.00
67126881188552864,20141208,6942.00,6999.00,518,2099253,14643576611.00,6866.00,7089.00,6863.00,6890.00
67126881188552864,20141209,7058.00,6960.00,501,9101203,64235475946.00,6810.00,7090.00,6942.00,7040.00
67126881188552864,20141210,7007.00,6851.00,264,969968,6694322572.00,6800.00,7050.00,7058.00,7050.00
67126881188552864,20141214,6736.00,6727.00,675,7025282,47319697670.00,6727.00,6999.00,7007.00,6999.00
67126881188552864,20141215,6479.00,6497.00,567,4487275,29074900073.00,6467.00,6720.00,6736.00,6512.00
67126881188552864,20141216,6550.00,6530.00,372,2462488,16166193121.00,6422.00,6696.00,6479.00,6480.00
67126881188552864,20141217,6512.00,6449.00,338,2495426,16231019736.00,6400.00,6670.00,6550.00,6481.00
67126881188552864,20141220,6578.00,6772.00,483,3233361,21267526840.00,6400.00,6772.00,6512.00,6400.00
67126881188552864,20141222,6709.00,6841.00,154,1499000,10254255048.00,6774.00,6841.00,6578.00,6841.00
67126881188552864,20141224,6912.00,6869.00,533,2593845,18010756828.00,6790.00,6977.00,6709.00,6977.00
67126881188552864,20141227,6907.00,6999.00,273,989192,6822008747.00,6692.00,7000.00,6912.00,6918.00
67126881188552864,20141228,6933.00,6934.00,273,1252342,8727331904.00,6901.00,7030.00,6907.00,6909.00
67126881188552864,20141229,6885.00,6790.00,242,1135492,7729213783.00,6761.00,6990.00,6933.00,6990.00
67126881188552864,20141230,6839.00,6715.00,207,1230881,8335706075.00,6700.00,6894.00,6885.00,6700.00
67126881188552864,20141231,6701.00,6600.00,344,2086167,13852129235.00,6566.00,6800.00,6839.00,6721.00
67126881188552864,20150103,6672.00,6560.00,243,1165510,7721832263.00,6556.00,6800.00,6701.00,6679.00
67126881188552864,20150104,6630.00,6501.00,306,970714,6350131964.00,6450.00,6700.00,6672.00,6600.00
67126881188552864,20150105,6559.00,6440.00,319,1426895,9246721950.00,6430.00,6600.00,6630.00,6520.00
67126881188552864,20150106,6507.00,6456.00,675,2555520,16604689314.00,6300.00,6570.00,6559.00,6550.00
67126881188552864,20150107,6414.00,6360.00,391,3023578,19392763909.00,6280.00,6469.00,6507.00,6450.00
67126881188552864,20150110,6203.00,6158.00,422,3005948,18646659730.00,6158.00,6351.00,6414.00,6331.00
67126881188552864,20150111,5989.00,6220.00,683,6672794,39964471579.00,5955.00,6296.00,6203.00,5962.00
67126881188552864,20150112,6211.00,6228.00,246,2803062,17453240468.00,6179.00,6228.00,5989.00,6200.00
67126881188552864,20150113,6329.00,6400.00,478,3544015,22428564058.00,6063.00,6448.00,6211.00,6380.00
67126881188552864,20150114,6454.00,6380.00,350,3992506,25765918165.00,6350.00,6540.00,6329.00,6400.00
67126881188552864,20150117,6466.00,6460.00,258,1175910,7624506350.00,6399.00,6660.00,6454.00,6400.00
67126881188552864,20150118,6579.00,6430.00,552,4294326,28253988970.00,6385.00,6605.00,6466.00,6453.00
67126881188552864,20150119,6479.00,6359.00,150,1153830,7291350975.00,6316.00,6370.00,6579.00,6370.00
67126881188552864,20150120,6427.00,6220.00,127,794679,4993981266.00,6220.00,6449.00,6479.00,6449.00
67126881188552864,20150121,6325.00,6170.00,95,1193943,7366628310.00,6170.00,6170.00,6427.00,6170.00
67126881188552864,20150124,6258.00,6200.00,310,2902620,18157398678.00,6087.00,6380.00,6325.00,6290.00
67126881188552864,20150125,6305.00,6315.00,289,2992365,18866851916.00,6200.00,6355.00,6258.00,6260.00
67126881188552864,20150126,6347.00,6380.00,366,2161265,13751804167.00,6180.00,6500.00,6305.00,6340.00
67126881188552864,20150127,6379.00,6384.00,257,1244719,7995866202.00,6347.00,6500.00,6347.00,6410.00
67126881188552864,20150128,6536.00,6634.00,748,5029831,32877163788.00,6440.00,6634.00,6379.00,6500.00
67126881188552864,20150131,6695.00,6797.00,135,1840341,12506663707.00,6775.00,6797.00,6536.00,6785.00
67126881188552864,20150201,6883.00,6962.00,578,2837775,19561858363.00,6760.00,6962.00,6695.00,6940.00
67126881188552864,20150202,6980.00,7090.00,405,1974673,13882974298.00,6897.00,7120.00,6883.00,6965.00
67126881188552864,20150203,7019.00,7050.00,288,994547,7059996291.00,7020.00,7200.00,6980.00,7120.00
67126881188552864,20150204,7066.00,7030.00,410,2193414,15536393528.00,6990.00,7220.00,7019.00,7030.00
67126881188552864,20150207,7059.00,6852.00,455,2603454,18376328704.00,6820.00,7220.00,7066.00,7100.00
67126881188552864,20150208,6857.00,6781.00,312,2985343,20466649473.00,6781.00,6950.00,7059.00,6918.00
67126881188552864,20150209,6766.00,6583.00,498,10680466,72269350235.00,6583.00,6900.00,6857.00,6850.00
67126881188552864,20150210,6816.00,6790.00,350,6202030,42273958788.00,6630.00,6910.00,6766.00,6698.00
67126881188552864,20150214,6894.00,6853.00,169,3975029,27402473366.00,6832.00,7030.00,6816.00,6901.00
67126881188552864,20150215,6909.00,7030.00,231,1001028,6945669825.00,6750.00,7030.00,6894.00,6940.00
67126881188552864,20150216,7094.00,7100.00,379,7404495,52529804507.00,7000.00,7120.00,6909.00,7069.00
67126881188552864,20150217,7114.00,6921.00,280,9361988,66603669646.00,6911.00,7179.00,7094.00,7175.00
67126881188552864,20150218,7063.00,6890.00,164,1124092,7844278941.00,6870.00,7050.00,7114.00,7000.00
67126881188552864,20150221,7042.00,6896.00,403,4528532,31890539015.00,6883.00,7155.00,7063.00,6950.00
67126881188552864,20150222,6997.00,6820.00,470,5044083,35294013090.00,6761.00,7070.00,7042.00,6871.00
67126881188552864,20150223,7057.00,6891.00,188,10502952,74118911975.00,6810.00,7066.00,6997.00,6949.00
67126881188552864,20150224,7006.00,6929.00,105,512717,3545689194.00,6837.00,6970.00,7057.00,6968.00
67126881188552864,20150225,6756.00,6726.00,148,1379312,9309012382.00,6726.00,6851.00,7006.00,6850.00
67126881188552864,20150228,6670.00,6486.00,186,787355,5191510723.00,6486.00,6765.00,6756.00,6635.00
67126881188552864,20150301,6636.00,6709.00,195,790003,5219644002.00,6470.00,6740.00,6670.00,6470.00
67126881188552864,20150302,6654.00,6581.00,153,748963,4997301958.00,6560.00,6788.00,6636.00,6709.00
67126881188552864,20150303,6651.00,6540.00,209,11234693,74727510575.00,6535.00,6700.00,6654.00,6581.00
67126881188552864,20150304,6699.00,6700.00,195,852360,5740527552.00,6600.00,6804.00,6651.00,6600.00
67126881188552864,20150307,6901.00,6830.00,483,2400036,16563145983.00,6721.00,6966.00,6699.00,6850.00
67126881188552864,20150308,6843.00,6643.00,385,5933277,40602614299.00,6640.00,6940.00,6901.00,6800.00
67126881188552864,20150309,6845.00,6838.00,324,2484131,17004609784.00,6704.00,6900.00,6843.00,6850.00
67126881188552864,20150310,6890.00,6785.00,286,3775990,26017549261.00,6731.00,6930.00,6845.00,6885.00
67126881188552864,20150311,6959.00,6894.00,255,3252859,22636511747.00,6892.00,6993.00,6890.00,6900.00
67126881188552864,20150314,7005.00,7001.00,394,11443205,80155771259.00,6823.00,7110.00,6959.00,6900.00
67126881188552864,20150315,6896.00,6729.00,746,2895640,19968088804.00,6725.00,7098.00,7005.00,7050.00
67126881188552864,20150316,6896.00,6729.00,0,0,0.00,0.00,0.00,6896.00,0.00
67126881188552864,20150317,6896.00,6729.00,0,0,0.00,0.00,0.00,6896.00,0.00
67126881188552864,20150318,6896.00,6729.00,0,0,0.00,0.00,0.00,6896.00,0.00
67126881188552864,20150325,6896.00,6729.00,0,0,0.00,0.00,0.00,6896.00,0.00
67126881188552864,20150328,6956.00,7171.00,39,316225,2267649475.00,7171.00,7171.00,6896.00,7171.00
67126881188552864,20150329,7234.00,7234.00,118,3653538,26429693892.00,7234.00,7234.00,6956.00,7234.00
67126881188552864,20150330,7493.00,7480.00,956,9490500,71113446088.00,7310.00,7523.00,7234.00,7347.00
67126881188552864,20150331,7644.00,7630.00,675,5176081,39566891749.00,7310.00,7745.00,7493.00,7310.00
67126881188552864,20150404,7927.00,7949.00,42,1214706,9655697994.00,7949.00,7949.00,7644.00,7949.00
67126881188552864,20150405,8244.00,8244.00,49,1335022,11005921368.00,8244.00,8244.00,7927.00,8244.00
67126881188552864,20150406,8569.00,8573.00,2878,53844508,461372631189.00,8400.00,8573.00,8244.00,8573.00
67126881188552864,20150407,8643.00,8567.00,1064,5615363,48535961644.00,8440.00,8855.00,8569.00,8497.00
67126881188552864,20150408,8755.00,8830.00,941,6470993,56653805470.00,8452.00,8890.00,8643.00,8500.00
67126881188552864,20150411,8500.00,8405.00,699,6059052,51501662729.00,8405.00,8720.00,8755.00,8480.00
67126881188552864,20150412,8235.00,8250.00,860,5748368,47337171486.00,8160.00,8450.00,8500.00,8331.00
67126881188552864,20150413,8270.00,8184.00,442,8453437,69908719497.00,7987.00,8450.00,8235.00,8250.00
67126881188552864,20150414,8270.00,8340.00,2558,17403809,143927505817.00,8152.00,8350.00,8270.00,8152.00
67126881188552864,20150415,8269.00,8300.00,418,3776761,31230778223.00,8100.00,8380.00,8270.00,8100.00
67126881188552864,20150418,8155.00,8100.00,239,2835340,23122605722.00,8062.00,8300.00,8269.00,8300.00
67126881188552864,20150419,8064.00,8000.00,361,11551879,93152601467.00,7952.00,8240.00,8155.00,8240.00
67126881188552864,20150420,7837.00,7800.00,991,6298783,49361357724.00,7756.00,8001.00,8064.00,8001.00
67126881188552864,20150421,7746.00,7800.00,352,3639623,28191298081.00,7700.00,7900.00,7837.00,7900.00
67126881188552864,20150422,7742.00,7570.00,1473,11554951,89454601031.00,7570.00,7862.00,7746.00,7801.00
67126881188552864,20150425,7640.00,7580.00,200,1352007,10328832866.00,7550.00,7740.00,7742.00,7740.00
67126881188552864,20150426,7386.00,7350.00,524,2608879,19268465364.00,7335.00,7600.00,7640.00,7550.00
67126881188552864,20150427,7384.00,7499.00,501,2226027,16437858421.00,7265.00,7499.00,7386.00,7490.00
67126881188552864,20150428,7451.00,7400.00,419,1488534,11090477848.00,7350.00,7610.00,7384.00,7610.00
67126881188552864,20150429,7484.00,7460.00,158,988849,7410749871.00,7360.00,7530.00,7451.00,7530.00
67126881188552864,20150503,7280.00,7185.00,232,1000412,7214220165.00,7185.00,7460.00,7484.00,7460.00
67126881188552864,20150504,7135.00,7007.00,256,1020893,7238359149.00,7000.00,7154.00,7280.00,7153.00
67126881188552864,20150505,7118.00,7097.00,316,1159908,8253569525.00,6977.00,7380.00,7135.00,7170.00
67126881188552864,20150506,7124.00,7100.00,161,978101,6970515532.00,7020.00,7290.00,7118.00,7290.00
67126881188552864,20150509,7124.00,7100.00,0,0,0.00,0.00,0.00,7124.00,0.00
67126881188552864,20150510,7124.00,7100.00,0,0,0.00,0.00,0.00,7124.00,0.00
67126881188552864,20150511,7124.00,7100.00,0,0,0.00,0.00,0.00,7124.00,0.00
67126881188552864,20150512,7124.00,7100.00,0,0,0.00,0.00,0.00,7124.00,0.00
67126881188552864,20150513,7124.00,7100.00,0,0,0.00,0.00,0.00,7124.00,0.00
67126881188552864,20150517,7124.00,7100.00,0,0,0.00,0.00,0.00,7124.00,0.00
67126881188552864,20150518,7124.00,7100.00,0,0,0.00,0.00,0.00,7124.00,0.00
67126881188552864,20150519,7068.00,6970.00,265,793248,5572101562.00,6945.00,7200.00,7124.00,7152.00
67126881188552864,20150520,7081.00,7012.00,256,1203252,8522281409.00,6990.00,7298.00,7068.00,6990.00
67126881188552864,20150523,6961.00,6900.00,264,968021,6684969252.00,6851.00,7069.00,7081.00,7069.00
67126881188552864,20150524,6827.00,6921.00,632,2410015,16453822853.00,6780.00,6947.00,6961.00,6900.00
67126881188552864,20150525,6865.00,6880.00,148,773012,5331409050.00,6870.00,6940.00,6827.00,6900.00
67126881188552864,20150526,6944.00,6980.00,447,1513166,10506756164.00,6870.00,6998.00,6865.00,6942.00
67126881188552864,20150527,6971.00,7050.00,534,1803715,12574151262.00,6871.00,7050.00,6944.00,7000.00
67126881188552864,20150530,6993.00,6950.00,382,641277,4501607675.00,6950.00,7162.00,6971.00,7071.00
67126881188552864,20150531,6995.00,7000.00,222,479560,3356421163.00,6920.00,7039.00,6993.00,7030.00
67126881188552864,20150601,6996.00,7008.00,692,1097217,7676633546.00,6956.00,7097.00,6995.00,7000.00
67126881188552864,20150602,6975.00,6924.00,180,1003951,6993759036.00,6924.00,7000.00,6996.00,7000.00
67126881188552864,20150606,6963.00,6903.00,76,335500,2322250804.00,6815.00,7000.00,6975.00,6815.00
67126881188552864,20150607,6876.00,6750.00,294,1472992,10127768325.00,6750.00,6998.00,6963.00,6950.00
67126881188552864,20150608,6749.00,6580.00,289,1195291,8037141136.00,6533.00,6888.00,6876.00,6888.00
67126881188552864,20150609,6654.00,6600.00,455,1865992,12416384377.00,6525.00,6779.00,6749.00,6581.00
67126881188552864,20150610,6669.00,6733.00,136,445489,2985594087.00,6650.00,6749.00,6654.00,6670.00
67126881188552864,20150613,6974.00,6988.00,396,3163898,22063864317.00,6699.00,7000.00,6669.00,6700.00
67126881188552864,20150614,7008.00,6930.00,144,1182133,8295718855.00,6930.00,7081.00,6974.00,7000.00
67126881188552864,20150615,6986.00,6998.00,77,567948,3947018162.00,6839.00,7008.00,7008.00,7008.00
67126881188552864,20150616,6960.00,6993.00,178,1750698,12185252868.00,6895.00,7010.00,6986.00,6986.00
67126881188552864,20150617,7111.00,7097.00,537,6430127,45726993039.00,7000.00,7249.00,6960.00,7000.00
67126881188552864,20150620,7088.00,7057.00,226,725542,5127561068.00,7010.00,7189.00,7111.00,7052.00
67126881188552864,20150621,7080.00,6950.00,71,289747,2042801904.00,6932.00,7109.00,7088.00,7021.00
67126881188552864,20150622,7079.00,7088.00,236,1187914,8408910904.00,7000.00,7100.00,7080.00,7079.00
67126881188552864,20150623,7236.00,7390.00,587,6750893,48847058492.00,7080.00,7400.00,7079.00,7097.00
67126881188552864,20150624,7277.00,7200.00,484,3403411,24767658499.00,7192.00,7400.00,7236.00,7400.00
67126881188552864,20150627,7232.00,7120.00,259,749549,5391966219.00,7000.00,7420.00,7277.00,7224.00
67126881188552864,20150628,7160.00,7099.00,121,601443,4250948457.00,7012.00,7150.00,7232.00,7012.00
67126881188552864,20150629,7151.00,7200.00,117,505711,3608961364.00,7031.00,7200.00,7160.00,7031.00
67126881188552864,20150630,7258.00,7350.00,636,7853642,57003686960.00,7185.00,7400.00,7151.00,7214.00
67126881188552864,20150701,7358.00,7418.00,420,3891874,28634890033.00,7300.00,7440.00,7258.00,7300.00
67126881188552864,20150704,7625.00,7598.00,730,8454895,64471196381.00,7300.00,7725.00,7358.00,7500.00
67126881188552864,20150705,7571.00,7597.00,400,3525343,26689022919.00,7450.00,7700.00,7625.00,7627.00
67126881188552864,20150706,7640.00,7670.00,239,2530349,19332071141.00,7565.00,7700.00,7571.00,7700.00
67126881188552864,20150707,7840.00,7859.00,514,6633556,52009615712.00,7650.00,7950.00,7640.00,7650.00
67126881188552864,20150711,7840.00,7901.00,341,2430353,19052888306.00,7507.00,7990.00,7840.00,7551.00
67126881188552864,20150712,7840.00,7901.00,0,0,0.00,0.00,0.00,7840.00,0.00
67126881188552864,20150713,7840.00,7901.00,0,0,0.00,0.00,0.00,7840.00,0.00
67126881188552864,20150714,7840.00,7901.00,0,0,0.00,0.00,0.00,7840.00,0.00
67126881188552864,20150715,7840.00,7901.00,0,0,0.00,0.00,0.00,7840.00,0.00
67126881188552864,20150719,7840.00,7901.00,0,0,0.00,0.00,0.00,7840.00,0.00
67126881188552864,20150720,7809.00,7824.00,618,6772629,52887125622.00,7752.00,7850.00,7840.00,7811.00
67126881188552864,20150721,7809.00,7824.00,0,0,0.00,0.00,0.00,7809.00,0.00
67126881188552864,20150722,7809.00,7824.00,0,0,0.00,0.00,0.00,7809.00,0.00
67126881188552864,20150725,7509.00,7824.00,0,0,0.00,0.00,0.00,7509.00,0.00
67126881188552864,20150726,7615.00,7579.00,43,751700,5724350892.00,7523.00,7760.00,7509.00,7760.00
67126881188552864,20150727,7395.00,7259.00,327,1723075,12742560932.00,7250.00,7596.00,7615.00,7500.00
67126881188552864,20150728,7420.00,7440.00,458,4099991,30419997930.00,7266.00,7698.00,7395.00,7300.00
67126881188552864,20150729,7749.00,7791.00,516,4784952,37079187499.00,7500.00,7791.00,7420.00,7500.00
67126881188552864,20150801,7973.00,7922.00,579,3698227,29486275655.00,7750.00,8099.00,7749.00,7895.00
67126881188552864,20150802,7997.00,7900.00,501,103666697,829038336590.00,7803.00,8040.00,7973.00,7970.00
67126881188552864,20150803,7998.00,7900.00,240,101562296,812305401456.00,7852.00,8000.00,7997.00,7999.00
67126881188552864,20150804,7849.00,7890.00,255,2173021,17056421014.00,7780.00,7960.00,7998.00,7960.00
67126881188552864,20150805,7871.00,7898.00,225,1518792,11954589734.00,7782.00,7900.00,7849.00,7860.00
67126881188552864,20150808,7819.00,7770.00,289,2697108,21089101116.00,7600.00,7900.00,7871.00,7800.00
67126881188552864,20150809,7815.00,7839.00,208,2670709,20871885966.00,7750.00,7889.00,7819.00,7799.00
67126881188552864,20150810,7812.00,7799.00,139,1086621,8488223495.00,7700.00,7860.00,7815.00,7860.00
67126881188552864,20150812,7681.00,7719.00,160,1394480,10710430905.00,7582.00,7720.00,7812.00,7711.00
67126881188552864,20150815,7625.00,7460.00,102,386782,2898005139.00,7451.00,7540.00,7681.00,7481.00
67126881188552864,20150816,7504.00,7416.00,199,1136638,8509125553.00,7400.00,7670.00,7625.00,7670.00
67126881188552864,20150817,7612.00,7700.00,228,2016485,15350001029.00,7452.00,7700.00,7504.00,7520.00
67126881188552864,20150818,7622.00,7600.00,139,1115179,8501590960.00,7550.00,7720.00,7612.00,7610.00
67126881188552864,20150819,7605.00,7600.00,78,943088,7166309744.00,7500.00,7678.00,7622.00,7500.00
67126881188552864,20150822,7573.00,7522.00,90,667501,5033735856.00,7510.00,7638.00,7605.00,7638.00
67126881188552864,20150823,7498.00,7439.00,254,3920066,29392421502.00,7401.00,7600.00,7573.00,7490.00
67126881188552864,20150824,7440.00,7426.00,109,1071936,7960631175.00,7350.00,7497.00,7498.00,7393.00
67126881188552864,20150825,7371.00,7251.00,189,2697128,19879268482.00,7241.00,7500.00,7440.00,7340.00
67126881188552864,20150826,7370.00,7350.00,180,2412485,17780390989.00,7261.00,7401.00,7371.00,7370.00
67126881188552864,20150829,7386.00,7415.00,61,304765,2267981655.00,7354.00,7500.00,7370.00,7354.00
67126881188552864,20150830,7424.00,7435.00,153,695306,5186998919.00,7323.00,7549.00,7386.00,7435.00
67126881188552864,20150831,7419.00,7400.00,43,292395,2163910642.00,7370.00,7420.00,7424.00,7370.00
67126881188552864,20150901,7446.00,7381.00,110,901897,6727752402.00,7381.00,7500.00,7419.00,7498.00
67126881188552864,20150902,7417.00,7480.00,106,899913,6660758663.00,7300.00,7480.00,7446.00,7400.00
67126881188552864,20150905,7433.00,7390.00,158,811791,6042804731.00,7360.00,7500.00,7417.00,7450.00
67126881188552864,20150906,7431.00,7470.00,150,1052001,7816733123.00,7390.00,7530.00,7433.00,7402.00
67126881188552864,20150907,7413.00,7400.00,123,826139,6114494229.00,7370.00,7440.00,7431.00,7400.00
67126881188552864,20150908,7443.00,7403.00,94,688228,5142162524.00,7403.00,7539.00,7413.00,7498.00
67126881188552864,20150909,7436.00,7430.00,81,313916,2327119561.00,7380.00,7499.00,7443.00,7402.00
67126881188552864,20150912,7429.00,7351.00,89,676953,5024177913.00,7351.00,7500.00,7436.00,7405.00
67126881188552864,20150913,7277.00,7196.00,122,1027561,7429991131.00,7191.00,7350.00,7429.00,7300.00
67126881188552864,20150914,7327.00,7430.00,184,2021459,14810786623.00,7200.00,7450.00,7277.00,7220.00
67126881188552864,20150915,7301.00,7077.00,62,246277,1769768747.00,7077.00,7419.00,7327.00,7419.00
67126881188552864,20150916,7253.00,7051.00,118,406004,2899127077.00,7051.00,7244.00,7301.00,7199.00
67126881188552864,20150919,7122.00,7000.00,182,868088,6115113473.00,6962.00,7250.00,7253.00,7051.00
67126881188552864,20150920,6996.00,6766.00,204,657656,4510162668.00,6766.00,7050.00,7122.00,6972.00
67126881188552864,20150921,7309.00,7064.00,221,22847098,166991479743.00,6706.00,7345.00,6996.00,6840.00
67126881188552864,20150922,7299.00,7200.00,149,11051047,80661032267.00,7046.00,7309.00,7309.00,7190.00
67126881188552864,20150923,7216.00,7100.00,135,631983,4497846511.00,7100.00,7250.00,7299.00,7150.00
67126881188552864,20150926,7182.00,7030.00,67,539132,3843507540.00,7030.00,7226.00,7216.00,7102.00
67126881188552864,20150927,7180.00,7180.00,113,649114,4659115755.00,7051.00,7250.00,7182.00,7240.00
67126881188552864,20150928,7160.00,7130.00,75,670558,4786374573.00,7102.00,7187.00,7180.00,7111.00
67126881188552864,20150929,7121.00,7020.00,87,568486,4015847762.00,7003.00,7140.00,7160.00,7130.00
67126881188552864,20150930,7121.00,7124.00,98,873427,6219839911.00,7050.00,7166.00,7121.00,7150.00
67126881188552864,20151003,7065.00,6900.00,197,2548749,18005976081.00,6900.00,7130.00,7121.00,7011.00
67126881188552864,20151004,6989.00,6987.00,99,752184,5208055475.00,6830.00,6999.00,7065.00,6980.00
67126881188552864,20151005,7000.00,6970.00,92,449649,3158286507.00,6970.00,7081.00,6989.00,6990.00
67126881188552864,20151006,7007.00,7068.00,116,914155,6408813339.00,6914.00,7079.00,7000.00,6970.00
67126881188552864,20151007,7000.00,7000.00,68,369920,2582682899.00,6931.00,7070.00,7007.00,7070.00
67126881188552864,20151010,7001.00,7000.00,95,854191,5980808710.00,6903.00,7059.00,7000.00,7016.00
67126881188552864,20151011,6990.00,6998.00,51,547364,3816828660.00,6855.00,6998.00,7001.00,6855.00
67126881188552864,20151012,7027.00,7140.00,84,863418,6088082347.00,6910.00,7140.00,6990.00,6920.00
67126881188552864,20151013,7153.00,7140.00,196,5564375,39801192072.00,7000.00,7200.00,7027.00,7148.00
67126881188552864,20151014,7215.00,7250.00,98,1094468,7917815830.00,7160.00,7348.00,7153.00,7240.00
67126881188552864,20151017,7342.00,7395.00,153,945971,7000946865.00,7153.00,7470.00,7215.00,7153.00
67126881188552864,20151018,7335.00,7280.00,242,983838,7213260428.00,7222.00,7480.00,7342.00,7480.00
67126881188552864,20151019,7280.00,7203.00,85,656392,4738857426.00,7203.00,7252.00,7335.00,7252.00
67126881188552864,20151020,7329.00,7310.00,161,799765,5889641150.00,7201.00,7430.00,7280.00,7203.00
67126881188552864,20151021,7295.00,7200.00,79,368702,2655723940.00,7191.00,7300.00,7329.00,7300.00
67126881188552864,20151025,7271.00,7110.00,50,212170,1515168337.00,7021.00,7294.00,7295.00,7190.00
67126881188552864,20151026,7254.00,7220.00,90,389272,2806745241.00,7102.00,7280.00,7271.00,7250.00
67126881188552864,20151027,7224.00,7105.00,95,606736,4359472219.00,7090.00,7265.00,7254.00,7150.00
67126881188552864,20151028,7220.00,7220.00,110,1223432,8833053298.00,7102.00,7300.00,7224.00,7102.00
67126881188552864,20151031,7192.00,7083.00,58,467027,3333227667.00,7083.00,7199.00,7220.00,7113.00
67126881188552864,20151101,7173.00,7125.00,103,785344,5621578176.00,7080.00,7177.00,7192.00,7083.00
67126881188552864,20151102,7139.00,7051.00,95,484549,3429210004.00,7051.00,7106.00,7173.00,7106.00
67126881188552864,20151103,7114.00,7056.00,75,480569,3396487835.00,7041.00,7095.00,7139.00,7044.00
67126881188552864,20151104,7094.00,7091.00,136,1488461,10559151566.00,7035.00,7134.00,7114.00,7051.00
67126881188552864,20151107,7082.00,7060.00,72,783450,5541168964.00,7056.00,7106.00,7094.00,7088.00
67126881188552864,20151108,7049.00,7000.00,135,846897,5951640898.00,7000.00,7067.00,7082.00,7034.00
67126881188552864,20151109,6998.00,6939.00,161,633753,4395429683.00,6916.00,7000.00,7049.00,7000.00
67126881188552864,20151110,6958.00,6901.00,141,816886,5660688811.00,6900.00,6979.00,6998.00,6979.00
67126881188552864,20151111,6940.00,6902.00,105,494566,3415333769.00,6888.00,6935.00,6958.00,6888.00
67126881188552864,20151114,6912.00,6857.00,122,560312,3848083974.00,6831.00,6938.00,6940.00,6930.00
67126881188552864,20151115,6845.00,6849.00,174,1215087,8301989522.00,6802.00,6887.00,6912.00,6887.00
67126881188552864,20151116,6840.00,6849.00,125,1047473,7162098930.00,6821.00,6849.00,6845.00,6822.00
67126881188552864,20151117,6897.00,6840.00,138,1466712,10115951550.00,6830.00,6960.00,6840.00,6850.00
67126881188552864,20151118,6860.00,6792.00,153,678564,4627032705.00,6790.00,6875.00,6897.00,6841.00
67126881188552864,20151121,6895.00,6800.00,123,3058932,21092196254.00,6789.00,6928.00,6860.00,6821.00
67126881188552864,20151122,6882.00,6798.00,92,295533,2018376822.00,6787.00,6899.00,6895.00,6899.00
67126881188552864,20151123,6857.00,6833.00,104,397097,2695758733.00,6777.00,6833.00,6882.00,6800.00
67126881188552864,20151124,6849.00,6700.00,164,1028164,7039026429.00,6700.00,6950.00,6857.00,6800.00
67126881188552864,20151125,6846.00,6777.00,118,639442,4375259653.00,6691.00,6948.00,6849.00,6710.00
67126881188552864,20151128,6821.00,6844.00,134,1883909,12850125789.00,6655.00,6898.00,6846.00,6751.00
67126881188552864,20151129,6771.00,6622.00,170,426544,2836836295.00,6612.00,6750.00,6821.00,6672.00
67126881188552864,20151130,6691.00,6500.00,242,532163,3486229312.00,6451.00,6666.00,6771.00,6666.00
67126881188552864,20151201,6564.00,6500.00,301,840346,5436703756.00,6450.00,6670.00,6691.00,6452.00
67126881188552864,20151205,6641.00,6790.00,184,1340296,8914967130.00,6440.00,6790.00,6564.00,6501.00
67126881188552864,20151206,6629.00,6501.00,94,275311,1810384790.00,6496.00,6769.00,6641.00,6769.00
67126881188552864,20151207,6727.00,6689.00,130,4706763,31661451993.00,6500.00,6761.00,6629.00,6500.00
67126881188552864,20151208,6718.00,6578.00,25,82812,542745345.00,6511.00,6590.00,6727.00,6511.00
67126881188552864,20151209,6709.00,6676.00,60,248258,1654332183.00,6536.00,6689.00,6718.00,6578.00
67126881188552864,20151213,6697.00,6512.00,81,384632,2562368539.00,6512.00,6710.00,6709.00,6600.00
67126881188552864,20151214,6684.00,6581.00,65,399353,2655393006.00,6561.00,6760.00,6697.00,6600.00
67126881188552864,20151215,6636.00,6555.00,117,674086,4433304361.00,6519.00,6683.00,6684.00,6519.00
67126881188552864,20151216,6573.00,6410.00,215,766848,4995179631.00,6400.00,6698.00,6636.00,6601.00
67126881188552864,20151219,6526.00,6465.00,114,406564,2601466655.00,6274.00,6500.00,6573.00,6400.00
67126881188552864,20151220,6588.00,6330.00,137,6600193,43485251723.00,6270.00,6620.00,6526.00,6400.00
67126881188552864,20151221,6561.00,6330.00,80,208589,1333528437.00,6330.00,6570.00,6588.00,6483.00
67126881188552864,20151222,6529.00,6397.00,103,276624,1766460451.00,6351.00,6570.00,6561.00,6370.00
67126881188552864,20151223,6536.00,6400.00,158,2385953,15593984478.00,6370.00,6588.00,6529.00,6489.00
67126881188552864,20151226,6486.00,6330.00,152,527883,3373004554.00,6330.00,6536.00,6536.00,6533.00
67126881188552864,20151227,6437.00,6410.00,180,846484,5415180766.00,6335.00,6450.00,6486.00,6400.00
67126881188552864,20151228,6417.00,6387.00,117,583079,3723085575.00,6335.00,6420.00,6437.00,6361.00
67126881188552864,20151230,6671.00,6737.00,656,7252782,48386860866.00,6350.00,6737.00,6417.00,6381.00
67126881188552864,20160102,6778.00,6800.00,266,1983342,13442495126.00,6680.00,6868.00,6671.00,6798.00
67126881188552864,20160103,6755.00,6700.00,110,461801,3095211472.00,6659.00,6800.00,6778.00,6800.00
67126881188552864,20160104,6761.00,6764.00,332,5029793,34007016607.00,6662.00,6859.00,6755.00,6695.00
67126881188552864,20160105,6869.00,6841.00,639,8280654,56878888529.00,6753.00,6948.00,6761.00,6835.00
67126881188552864,20160106,7160.00,7212.00,633,6697078,47950640225.00,6900.00,7212.00,6869.00,6900.00
67126881188552864,20160109,7465.00,7299.00,1441,12354284,92229738828.00,7261.00,7518.00,7160.00,7518.00
67126881188552864,20160110,7337.00,7303.00,606,2960405,21720382450.00,7118.00,7498.00,7465.00,7310.00
67126881188552864,20160111,7638.00,7700.00,1526,16889332,128997848913.00,7391.00,7703.00,7337.00,7391.00
67126881188552864,20160112,7666.00,7551.00,810,5761096,44162903972.00,7451.00,7798.00,7638.00,7776.00
67126881188552864,20160113,7691.00,7700.00,717,6139029,47215661118.00,7501.00,7750.00,7666.00,7670.00
67126881188552864,20160116,7809.00,7755.00,771,5609147,43802003343.00,7667.00,8049.00,7691.00,7799.00
67126881188552864,20160117,7601.00,7457.00,929,8522376,64781608408.00,7419.00,7988.00,7809.00,7988.00
67126881188552864,20160118,7682.00,7800.00,578,11241982,86357905862.00,7307.00,7800.00,7601.00,7500.00
67126881188552864,20160119,7848.00,7777.00,685,5616376,44077793557.00,7720.00,7980.00,7682.00,7720.00
67126881188552864,20160120,7815.00,7780.00,556,3126864,24437817166.00,7750.00,7900.00,7848.00,7838.00
67126881188552864,20160123,7747.00,7815.00,850,6910219,53534630254.00,7591.00,7848.00,7815.00,7800.00
67126881188552864,20160124,7980.00,8134.00,1566,22464797,179261813132.00,7700.00,8134.00,7747.00,7820.00
67126881188552864,20160125,8376.00,8379.00,1270,26664619,223339624771.00,8215.00,8379.00,7980.00,8330.00
67126881188552864,20160126,8794.00,8794.00,1826,39865303,350569441638.00,8700.00,8794.00,8376.00,8794.00
67126881188552864,20160127,8599.00,8511.00,1680,18515489,159216233431.00,8417.00,8900.00,8794.00,8800.00
67126881188552864,20160130,8582.00,8530.00,894,9043360,77614583779.00,8400.00,8739.00,8599.00,8580.00
67126881188552864,20160131,8624.00,8860.00,1246,16394729,141395278012.00,8359.00,8920.00,8582.00,8450.00
67126881188552864,20160201,9043.00,9055.00,683,11733010,106095786653.00,8912.00,9055.00,8624.00,8997.00
67126881188552864,20160202,9474.00,9300.00,3242,59331822,562094264400.00,9250.00,9495.00,9043.00,9495.00
67126881188552864,20160203,9432.00,9350.00,1097,11643795,109823164033.00,9250.00,9650.00,9474.00,9301.00
67126881188552864,20160206,9454.00,9400.00,966,8348594,78924284663.00,9364.00,9650.00,9432.00,9371.00
67126881188552864,20160207,9450.00,9460.00,1209,12797505,120938939790.00,9321.00,9573.00,9454.00,9500.00
67126881188552864,20160208,9636.00,9800.00,2631,39752683,383066095574.00,9350.00,9898.00,9450.00,9500.00
67126881188552864,20160209,10047.00,9580.00,1486,19563323,196554359384.00,9561.00,10117.00,9636.00,9925.00
67126881188552864,20160210,9739.00,9600.00,1138,8879480,86473191307.00,9545.00,9988.00,10047.00,9640.00
67126881188552864,20160213,9852.00,9522.00,1724,34732944,342196987839.00,9400.00,10100.00,9739.00,9540.00
67126881188552864,20160214,9589.00,9490.00,658,5574515,53454625881.00,9400.00,9880.00,9852.00,9601.00
67126881188552864,20160215,9605.00,9500.00,906,8195684,78723435077.00,9450.00,9750.00,9589.00,9500.00
67126881188552864,20160216,9502.00,9345.00,847,9695859,92133866536.00,9340.00,9700.00,9605.00,9505.00
67126881188552864,20160217,9555.00,9471.00,782,5997656,57308209318.00,9400.00,9660.00,9502.00,9400.00
67126881188552864,20160220,9311.00,9180.00,747,6333895,58976244320.00,9180.00,9645.00,9555.00,9645.00
67126881188552864,20160221,9081.00,8962.00,912,8069815,73278856157.00,8950.00,9350.00,9311.00,9350.00
67126881188552864,20160222,9337.00,9400.00,1016,7126101,66534713471.00,9001.00,9490.00,9081.00,9055.00
67126881188552864,20160223,9345.00,9330.00,528,13146899,122853836946.00,9151.00,9530.00,9337.00,9530.00
67126881188552864,20160224,9208.00,9210.00,368,2379635,21910521224.00,9100.00,9330.00,9345.00,9330.00
67126881188552864,20160227,9248.00,9165.00,385,2529697,23393566822.00,9140.00,9370.00,9208.00,9140.00
67126881188552864,20160228,9228.00,9210.00,494,9661879,89162388104.00,9160.00,9350.00,9248.00,9250.00
67126881188552864,20160229,9147.00,9064.00,515,4046873,37016474675.00,9051.00,9250.00,9228.00,9159.00
67126881188552864,20160301,9019.00,9011.00,793,7977987,71955650606.00,8881.00,9139.00,9147.00,9050.00
67126881188552864,20160302,9013.00,9002.00,515,5155964,46471768907.00,8982.00,9200.00,9019.00,9100.00
67126881188552864,20160305,9252.00,9100.00,758,4391294,40626736270.00,9100.00,9370.00,9013.00,9280.00
67126881188552864,20160306,9190.00,9100.00,606,8706248,80014122234.00,9030.00,9252.00,9252.00,9111.00
67126881188552864,20160307,9265.00,9295.00,533,8964371,83057348516.00,9057.00,9300.00,9190.00,9057.00
67126881188552864,20160308,9157.00,9100.00,351,2372918,21727892201.00,9100.00,9260.00,9265.00,9250.00
67126881188552864,20160309,9073.00,9036.00,449,4390481,39833416531.00,9011.00,9200.00,9157.00,9200.00
67126881188552864,20160312,9431.00,9526.00,1874,12482224,117714801565.00,9077.00,9526.00,9073.00,9190.00
67126881188552864,20160314,9901.00,9876.00,1312,27901903,276261951914.00,9850.00,9902.00,9431.00,9902.00
67126881188552864,20160315,9907.00,9771.00,1603,8925021,88420650999.00,9701.00,10210.00,9901.00,9889.00
67126881188552864,20160316,9524.00,9413.00,849,4316405,41107661257.00,9412.00,9832.00,9907.00,9832.00
67126881188552864,20160326,9832.00,9802.00,380,1933946,19015087615.00,9442.00,9950.00,9524.00,9570.00
67126881188552864,20160327,9635.00,9560.00,325,1201711,11578271016.00,9560.00,9960.00,9832.00,9701.00
67126881188552864,20160328,9533.00,9505.00,244,1542941,14708583422.00,9410.00,9799.00,9635.00,9799.00
67126881188552864,20160329,9510.00,9470.00,443,3363380,31986665492.00,9400.00,9600.00,9533.00,9450.00
67126881188552864,20160330,9674.00,9699.00,395,3615381,34975222117.00,9510.00,9749.00,9510.00,9510.00
67126881188552864,20160402,9573.00,9480.00,419,1945615,18624632776.00,9480.00,9925.00,9674.00,9699.00
67126881188552864,20160403,9242.00,9200.00,604,3114640,28787008996.00,9150.00,9551.00,9573.00,9551.00
67126881188552864,20160404,9229.00,9350.00,404,2049386,18914798564.00,9161.00,9399.00,9242.00,9242.00
67126881188552864,20160405,9346.00,9250.00,469,1739117,16253252655.00,9215.00,9431.00,9229.00,9215.00
67126881188552864,20160406,9376.00,9480.00,569,4081488,38268875932.00,9265.00,9500.00,9346.00,9301.00
67126881188552864,20160409,9360.00,9440.00,558,2446212,22896050507.00,9200.00,9457.00,9376.00,9290.00
67126881188552864,20160410,9374.00,9330.00,351,1660616,15566102606.00,9302.00,9451.00,9360.00,9451.00
67126881188552864,20160411,9479.00,9798.00,645,6312968,59842851878.00,9272.00,9800.00,9374.00,9449.00
67126881188552864,20160412,9802.00,9890.00,1693,15699659,153895519142.00,9650.00,9900.00,9479.00,9698.00
67126881188552864,20160413,9733.00,9500.00,651,10042212,97743646615.00,9462.00,9900.00,9802.00,9899.00
67126881188552864,20160416,9253.00,9247.00,640,10363798,95895258150.00,9247.00,9685.00,9733.00,9685.00
67126881188552864,20160417,9435.00,9498.00,786,14892368,140503385707.00,9070.00,9590.00,9253.00,9070.00
67126881188552864,20160418,9680.00,9590.00,504,2774346,26855718267.00,9462.00,9797.00,9435.00,9462.00
67126881188552864,20160419,9598.00,9499.00,275,2741937,26316216748.00,9401.00,9800.00,9680.00,9590.00
67126881188552864,20160420,9418.00,9440.00,331,1981705,18663330672.00,9200.00,9677.00,9598.00,9501.00
67126881188552864,20160423,9430.00,9488.00,187,678556,6402880060.00,9320.00,9554.00,9418.00,9350.00
67126881188552864,20160424,9544.00,9640.00,371,1868271,17830404026.00,9371.00,9649.00,9430.00,9371.00
67126881188552864,20160425,9607.00,9500.00,301,1793308,17227615058.00,9500.00,9798.00,9544.00,9550.00
67126881188552864,20160426,9525.00,9600.00,246,1135023,10810666997.00,9470.00,9739.00,9607.00,9500.00
67126881188552864,20160427,9495.00,9450.00,328,3464041,32891232671.00,9386.00,9645.00,9525.00,9599.00
67126881188552864,20160430,9464.00,9405.00,361,2803073,26528576823.00,9360.00,9618.00,9495.00,9618.00
67126881188552864,20160501,9506.00,9650.00,342,2057662,19559719984.00,9380.00,9650.00,9464.00,9467.00
67126881188552864,20160502,9400.00,9361.00,235,1112963,10462171020.00,9339.00,9580.00,9506.00,9580.00
67126881188552864,20160503,9262.00,9235.00,462,3023500,28004695044.00,9230.00,9500.00,9400.00,9500.00
67126881188552864,20160504,9263.00,9205.00,365,4275681,39603621236.00,9198.00,9339.00,9262.00,9280.00
67126881188552864,20160507,9304.00,9148.00,454,6591964,61332138859.00,9005.00,9448.00,9263.00,9189.00
67126881188552864,20160508,9236.00,9151.00,186,483029,4420661283.00,9054.00,9250.00,9304.00,9054.00
67126881188552864,20160509,9113.00,9080.00,208,1297633,11825757607.00,9020.00,9250.00,9236.00,9160.00
67126881188552864,20160510,9101.00,9087.00,175,1295725,11792007529.00,9001.00,9180.00,9113.00,9080.00
67126881188552864,20160511,8902.00,8880.00,400,2364030,21044336603.00,8800.00,9102.00,9101.00,9092.00
67126881188552864,20160514,9003.00,9040.00,243,1156981,10416025658.00,8859.00,9050.00,8902.00,8859.00
67126881188552864,20160515,8981.00,9000.00,430,4819653,43286332385.00,8888.00,9160.00,9003.00,9100.00
67126881188552864,20160516,9004.00,8992.00,240,1198461,10790575881.00,8922.00,9095.00,8981.00,9095.00
67126881188552864,20160517,9008.00,9000.00,342,2901923,26141602338.00,8897.00,9149.00,9004.00,9000.00
67126881188552864,20160518,9022.00,9001.00,236,2248548,20286417088.00,8920.00,9120.00,9008.00,8920.00
67126881188552864,20160521,9207.00,9050.00,240,1843998,16978331496.00,9010.00,9272.00,9022.00,9010.00
67126881188552864,20160523,9100.00,9053.00,187,825496,7481442545.00,9011.00,9149.00,9207.00,9149.00
67126881188552864,20160524,9294.00,9126.00,252,4340529,40340779414.00,9010.00,9373.00,9100.00,9010.00
67126881188552864,20160525,9251.00,9100.00,82,257648,2346724107.00,9030.00,9228.00,9294.00,9030.00
67126881188552864,20160528,9196.00,9041.00,134,368788,3352222009.00,9013.00,9231.00,9251.00,9013.00
67126881188552864,20160529,9024.00,9000.00,179,1253331,11310451417.00,8999.00,9100.00,9196.00,9100.00
67126881188552864,20160530,9016.00,9000.00,161,899058,8104049222.00,8990.00,9089.00,9024.00,9087.00
67126881188552864,20160531,8954.00,8900.00,185,1236874,11074957964.00,8850.00,9010.00,9016.00,8955.00
67126881188552864,20160601,8933.00,8853.00,151,296354,2630828002.00,8825.00,8960.00,8954.00,8910.00
67126881188552864,20160605,8959.00,9040.00,219,1094540,9806436709.00,8872.00,9040.00,8933.00,8930.00
67126881188552864,20160606,8932.00,8900.00,125,440087,3912769284.00,8876.00,9030.00,8959.00,9030.00
67126881188552864,20160607,8939.00,8880.00,140,933175,8342831086.00,8880.00,8960.00,8932.00,8921.00
67126881188552864,20160608,9015.00,8801.00,305,5227642,47128779473.00,8700.00,9117.00,8939.00,8851.00
67126881188552864,20160611,8831.00,8700.00,167,685134,5972099086.00,8657.00,8992.00,9015.00,8800.00
67126881188552864,20160612,8857.00,8595.00,219,3774349,33430808576.00,8501.00,8949.00,8831.00,8689.00
67126881188552864,20160613,8781.00,8549.00,133,345901,2979785750.00,8549.00,8800.00,8857.00,8600.00
67126881188552864,20160614,8626.00,8400.00,159,450203,3780829523.00,8342.00,8544.00,8781.00,8544.00
67126881188552864,20160615,8461.00,8459.00,156,992946,8382178996.00,8300.00,8480.00,8626.00,8342.00
67126881188552864,20160618,8598.00,8400.00,160,9091200,78165703404.00,8231.00,8630.00,8461.00,8355.00
67126881188552864,20160619,8567.00,8335.00,49,140803,1173431945.00,8260.00,8499.00,8598.00,8260.00
67126881188552864,20160620,8481.00,8300.00,76,436638,3639207892.00,8300.00,8386.00,8567.00,8330.00
67126881188552864,20160621,8578.00,8650.00,116,2044283,17535896740.00,8270.00,8650.00,8481.00,8310.00
67126881188552864,20160622,8589.00,8531.00,114,277550,2394379610.00,8400.00,8799.00,8578.00,8640.00
67126881188552864,20160625,8531.00,8390.00,82,298048,2492535524.00,8280.00,8451.00,8589.00,8451.00
67126881188552864,20160626,8483.00,8400.00,126,444858,3739185702.00,8231.00,8549.00,8531.00,8231.00
67126881188552864,20160628,8466.00,8422.00,149,835857,7070729450.00,8327.00,8560.00,8483.00,8327.00
67126881188552864,20160629,8389.00,8379.00,146,606494,5044481146.00,8284.00,8422.00,8466.00,8422.00
67126881188552864,20160702,8476.00,8470.00,270,53971583,457469702570.00,8313.00,8500.00,8389.00,8351.00
67126881188552864,20160703,8888.00,8899.00,1064,30424881,270405928041.00,8480.00,8899.00,8476.00,8480.00
67126881188552864,20160704,8910.00,8948.00,509,4758384,42399133385.00,8800.00,9009.00,8888.00,9004.00
67126881188552864,20160705,9057.00,9070.00,355,2011575,18219385192.00,8910.00,9150.00,8910.00,8912.00
67126881188552864,20160709,9040.00,9003.00,329,2914926,26350803920.00,8935.00,9099.00,9057.00,9050.00
67126881188552864,20160710,9045.00,9056.00,249,2036052,18416810968.00,8991.00,9098.00,9040.00,9000.00
67126881188552864,20160711,9440.00,9370.00,1347,19365963,182819526022.00,9050.00,9497.00,9045.00,9050.00
67126881188552864,20160712,9427.00,9390.00,508,5482085,51678357614.00,9250.00,9524.00,9440.00,9435.00
67126881188552864,20160713,9390.00,9400.00,566,7654197,71876475022.00,9300.00,9431.00,9427.00,9427.00
67126881188552864,20160716,9278.00,9247.00,208,1729664,16047545892.00,9202.00,9397.00,9390.00,9250.00
67126881188552864,20160717,9113.00,9100.00,539,5134803,46791867337.00,8970.00,9300.00,9278.00,9201.00
67126881188552864,20160718,9113.00,9100.00,0,0,0.00,0.00,0.00,9113.00,0.00
67126881188552864,20160719,9113.00,9100.00,0,0,0.00,0.00,0.00,9113.00,0.00
67126881188552864,20160720,9113.00,9100.00,0,0,0.00,0.00,0.00,9113.00,0.00
67126881188552864,20160723,9113.00,9100.00,0,0,0.00,0.00,0.00,9113.00,0.00
67126881188552864,20160724,9113.00,9100.00,0,0,0.00,0.00,0.00,9113.00,0.00
67126881188552864,20160725,9113.00,9100.00,0,0,0.00,0.00,0.00,9113.00,0.00
67126881188552864,20160726,9113.00,9100.00,0,0,0.00,0.00,0.00,9113.00,0.00
67126881188552864,20160727,9113.00,9100.00,0,0,0.00,0.00,0.00,9113.00,0.00
67126881188552864,20160731,9113.00,9100.00,0,0,0.00,0.00,0.00,9113.00,0.00
67126881188552864,20160801,9113.00,9100.00,0,0,0.00,0.00,0.00,9113.00,0.00
67126881188552864,20160802,9113.00,9100.00,0,0,0.00,0.00,0.00,9113.00,0.00
67126881188552864,20160803,9113.00,9100.00,0,0,0.00,0.00,0.00,9113.00,0.00
67126881188552864,20160806,9113.00,9100.00,0,0,0.00,0.00,0.00,9113.00,0.00
67126881188552864,20160807,9113.00,9100.00,0,0,0.00,0.00,0.00,9113.00,0.00
67126881188552864,20160808,9113.00,9100.00,0,0,0.00,0.00,0.00,9113.00,0.00
67126881188552864,20160809,9113.00,9100.00,0,0,0.00,0.00,0.00,9113.00,0.00
67126881188552864,20160810,9113.00,9100.00,0,0,0.00,0.00,0.00,9113.00,0.00
67126881188552864,20160813,9113.00,9100.00,0,0,0.00,0.00,0.00,9113.00,0.00
67126881188552864,20160814,9113.00,9100.00,0,0,0.00,0.00,0.00,9113.00,0.00
67126881188552864,20160815,9113.00,9100.00,0,0,0.00,0.00,0.00,9113.00,0.00
67126881188552864,20160816,9113.00,9100.00,0,0,0.00,0.00,0.00,9113.00,0.00
67126881188552864,20160817,9113.00,9100.00,0,0,0.00,0.00,0.00,9113.00,0.00
67126881188552864,20160820,9113.00,9100.00,0,0,0.00,0.00,0.00,9113.00,0.00
67126881188552864,20160821,9113.00,9100.00,0,0,0.00,0.00,0.00,9113.00,0.00
67126881188552864,20160822,9113.00,9100.00,0,0,0.00,0.00,0.00,9113.00,0.00
67126881188552864,20160823,9113.00,9100.00,0,0,0.00,0.00,0.00,9113.00,0.00
67126881188552864,20160824,9113.00,9100.00,0,0,0.00,0.00,0.00,9113.00,0.00
67126881188552864,20160827,9113.00,9100.00,0,0,0.00,0.00,0.00,9113.00,0.00
67126881188552864,20160828,9113.00,9100.00,0,0,0.00,0.00,0.00,9113.00,0.00
67126881188552864,20160829,9113.00,9100.00,0,0,0.00,0.00,0.00,9113.00,0.00
67126881188552864,20160830,9113.00,9100.00,0,0,0.00,0.00,0.00,9113.00,0.00
67126881188552864,20160831,9113.00,9100.00,0,0,0.00,0.00,0.00,9113.00,0.00
67126881188552864,20160903,9113.00,9100.00,0,0,0.00,0.00,0.00,9113.00,0.00
67126881188552864,20160904,9113.00,9100.00,0,0,0.00,0.00,0.00,9113.00,0.00
67126881188552864,20160905,9113.00,9100.00,0,0,0.00,0.00,0.00,9113.00,0.00
67126881188552864,20160906,9113.00,9100.00,0,0,0.00,0.00,0.00,9113.00,0.00
67126881188552864,20160907,9113.00,9100.00,0,0,0.00,0.00,0.00,9113.00,0.00
67126881188552864,20160910,9113.00,9100.00,0,0,0.00,0.00,0.00,9113.00,0.00
67126881188552864,20160911,9113.00,9100.00,0,0,0.00,0.00,0.00,9113.00,0.00
67126881188552864,20160913,9113.00,9100.00,0,0,0.00,0.00,0.00,9113.00,0.00
67126881188552864,20160914,9113.00,9100.00,0,0,0.00,0.00,0.00,9113.00,0.00
67126881188552864,20160917,9113.00,9100.00,0,0,0.00,0.00,0.00,9113.00,0.00
67126881188552864,20160918,9113.00,9100.00,0,0,0.00,0.00,0.00,9113.00,0.00
67126881188552864,20160919,9113.00,9100.00,0,0,0.00,0.00,0.00,9113.00,0.00
67126881188552864,20160921,9113.00,9100.00,0,0,0.00,0.00,0.00,9113.00,0.00
67126881188552864,20160924,9113.00,9100.00,0,0,0.00,0.00,0.00,9113.00,0.00
67126881188552864,20160925,9113.00,9100.00,0,0,0.00,0.00,0.00,9113.00,0.00
67126881188552864,20160926,9113.00,9100.00,0,0,0.00,0.00,0.00,9113.00,0.00
67126881188552864,20160927,9113.00,9100.00,0,0,0.00,0.00,0.00,9113.00,0.00
67126881188552864,20160928,9113.00,9100.00,0,0,0.00,0.00,0.00,9113.00,0.00
67126881188552864,20161001,9113.00,9100.00,0,0,0.00,0.00,0.00,9113.00,0.00
67126881188552864,20161002,9113.00,9100.00,0,0,0.00,0.00,0.00,9113.00,0.00
67126881188552864,20161003,9113.00,9100.00,0,0,0.00,0.00,0.00,9113.00,0.00
67126881188552864,20161004,9113.00,9100.00,0,0,0.00,0.00,0.00,9113.00,0.00
67126881188552864,20161005,9113.00,9100.00,0,0,0.00,0.00,0.00,9113.00,0.00
67126881188552864,20161008,9113.00,9100.00,0,0,0.00,0.00,0.00,9113.00,0.00
67126881188552864,20161009,9113.00,9100.00,0,0,0.00,0.00,0.00,9113.00,0.00
67126881188552864,20161010,9113.00,9100.00,0,0,0.00,0.00,0.00,9113.00,0.00
67126881188552864,20161012,9113.00,9100.00,0,0,0.00,0.00,0.00,9113.00,0.00
67126881188552864,20161015,9113.00,9100.00,0,0,0.00,0.00,0.00,9113.00,0.00
67126881188552864,20161016,9113.00,9100.00,0,0,0.00,0.00,0.00,9113.00,0.00
67126881188552864,20161017,9113.00,9100.00,0,0,0.00,0.00,0.00,9113.00,0.00
67126881188552864,20161018,9113.00,9100.00,0,0,0.00,0.00,0.00,9113.00,0.00
67126881188552864,20161019,9113.00,9100.00,0,0,0.00,0.00,0.00,9113.00,0.00
67126881188552864,20161022,9113.00,9100.00,0,0,0.00,0.00,0.00,9113.00,0.00
67126881188552864,20161023,9113.00,9100.00,0,0,0.00,0.00,0.00,9113.00,0.00
67126881188552864,20161024,9113.00,9100.00,0,0,0.00,0.00,0.00,9113.00,0.00
67126881188552864,20161025,9113.00,9100.00,0,0,0.00,0.00,0.00,9113.00,0.00
67126881188552864,20161026,9113.00,9100.00,0,0,0.00,0.00,0.00,9113.00,0.00
67126881188552864,20161027,9113.00,9100.00,0,0,0.00,0.00,0.00,9113.00,0.00
67126881188552864,20161028,9113.00,9100.00,0,0,0.00,0.00,0.00,9113.00,0.00
67126881188552864,20161029,9113.00,9100.00,0,0,0.00,0.00,0.00,9113.00,0.00
67126881188552864,20161030,9113.00,9100.00,0,0,0.00,0.00,0.00,9113.00,0.00
67126881188552864,20161031,9113.00,9100.00,0,0,0.00,0.00,0.00,9113.00,0.00
67126881188552864,20161101,9113.00,9100.00,0,0,0.00,0.00,0.00,9113.00,0.00
67126881188552864,20161102,9113.00,9100.00,0,0,0.00,0.00,0.00,9113.00,0.00
67126881188552864,20161105,9113.00,9100.00,0,0,0.00,0.00,0.00,9113.00,0.00
67126881188552864,20161106,9113.00,9100.00,0,0,0.00,0.00,0.00,9113.00,0.00
67126881188552864,20161107,9113.00,9100.00,0,0,0.00,0.00,0.00,9113.00,0.00
67126881188552864,20161108,9113.00,9100.00,0,0,0.00,0.00,0.00,9113.00,0.00
67126881188552864,20161109,9113.00,9100.00,0,0,0.00,0.00,0.00,9113.00,0.00
67126881188552864,20161112,9113.00,9100.00,0,0,0.00,0.00,0.00,9113.00,0.00
67126881188552864,20161113,9113.00,9100.00,0,0,0.00,0.00,0.00,9113.00,0.00
67126881188552864,20161114,9113.00,9100.00,0,0,0.00,0.00,0.00,9113.00,0.00
67126881188552864,20161115,9113.00,9100.00,0,0,0.00,0.00,0.00,9113.00,0.00
67126881188552864,20161116,9113.00,9100.00,0,0,0.00,0.00,0.00,9113.00,0.00
67126881188552864,20161119,9113.00,9100.00,0,0,0.00,0.00,0.00,9113.00,0.00
67126881188552864,20161121,9113.00,9100.00,0,0,0.00,0.00,0.00,9113.00,0.00
67126881188552864,20161122,9113.00,9100.00,0,0,0.00,0.00,0.00,9113.00,0.00
67126881188552864,20161123,9113.00,9100.00,0,0,0.00,0.00,0.00,9113.00,0.00
67126881188552864,20161126,9113.00,9100.00,0,0,0.00,0.00,0.00,9113.00,0.00
67126881188552864,20161127,9113.00,9100.00,0,0,0.00,0.00,0.00,9113.00,0.00
67126881188552864,20161129,9113.00,9100.00,0,0,0.00,0.00,0.00,9113.00,0.00
67126881188552864,20161203,9113.00,9100.00,0,0,0.00,0.00,0.00,9113.00,0.00
67126881188552864,20161204,9113.00,9100.00,0,0,0.00,0.00,0.00,9113.00,0.00
67126881188552864,20161205,9113.00,9100.00,0,0,0.00,0.00,0.00,9113.00,0.00
67126881188552864,20161206,8863.00,9100.00,0,0,0.00,0.00,0.00,8863.00,0.00
67126881188552864,20161207,8863.00,9100.00,0,0,0.00,0.00,0.00,8863.00,0.00
67126881188552864,20161210,8863.00,9100.00,0,0,0.00,0.00,0.00,8863.00,0.00
67126881188552864,20161211,8863.00,9100.00,0,0,0.00,0.00,0.00,8863.00,0.00
67126881188552864,20161212,8863.00,9100.00,0,0,0.00,0.00,0.00,8863.00,0.00
67126881188552864,20161213,8863.00,9100.00,0,0,0.00,0.00,0.00,8863.00,0.00
67126881188552864,20161214,8863.00,9100.00,0,0,0.00,0.00,0.00,8863.00,0.00
67126881188552864,20161218,8863.00,9100.00,0,0,0.00,0.00,0.00,8863.00,0.00
67126881188552864,20161219,8863.00,9100.00,0,0,0.00,0.00,0.00,8863.00,0.00
67126881188552864,20161220,8863.00,9100.00,0,0,0.00,0.00,0.00,8863.00,0.00
67126881188552864,20161221,8863.00,9100.00,0,0,0.00,0.00,0.00,8863.00,0.00
67126881188552864,20161224,8863.00,9100.00,0,0,0.00,0.00,0.00,8863.00,0.00
67126881188552864,20161225,8863.00,9100.00,0,0,0.00,0.00,0.00,8863.00,0.00
67126881188552864,20161226,8863.00,9100.00,0,0,0.00,0.00,0.00,8863.00,0.00
67126881188552864,20161227,8863.00,9100.00,0,0,0.00,0.00,0.00,8863.00,0.00
67126881188552864,20161228,8863.00,9100.00,0,0,0.00,0.00,0.00,8863.00,0.00
67126881188552864,20161231,8863.00,9100.00,0,0,0.00,0.00,0.00,8863.00,0.00
67126881188552864,20170101,8863.00,9100.00,0,0,0.00,0.00,0.00,8863.00,0.00
67126881188552864,20170102,8863.00,9100.00,0,0,0.00,0.00,0.00,8863.00,0.00
67126881188552864,20170103,8863.00,9100.00,0,0,0.00,0.00,0.00,8863.00,0.00
67126881188552864,20170104,8863.00,9100.00,0,0,0.00,0.00,0.00,8863.00,0.00
67126881188552864,20170107,8863.00,9100.00,0,0,0.00,0.00,0.00,8863.00,0.00
67126881188552864,20170108,8863.00,9100.00,0,0,0.00,0.00,0.00,8863.00,0.00
67126881188552864,20170109,8863.00,9100.00,0,0,0.00,0.00,0.00,8863.00,0.00
67126881188552864,20170111,8863.00,9100.00,0,0,0.00,0.00,0.00,8863.00,0.00
67126881188552864,20170114,8863.00,9100.00,0,0,0.00,0.00,0.00,8863.00,0.00
67126881188552864,20170115,8863.00,9100.00,0,0,0.00,0.00,0.00,8863.00,0.00
67126881188552864,20170116,8863.00,9100.00,0,0,0.00,0.00,0.00,8863.00,0.00
67126881188552864,20170117,8863.00,9100.00,0,0,0.00,0.00,0.00,8863.00,0.00
67126881188552864,20170118,8863.00,9100.00,0,0,0.00,0.00,0.00,8863.00,0.00
67126881188552864,20170121,8863.00,9100.00,0,0,0.00,0.00,0.00,8863.00,0.00
67126881188552864,20170122,8863.00,9100.00,0,0,0.00,0.00,0.00,8863.00,0.00
67126881188552864,20170123,8863.00,9100.00,0,0,0.00,0.00,0.00,8863.00,0.00
67126881188552864,20170124,8863.00,9100.00,0,0,0.00,0.00,0.00,8863.00,0.00
67126881188552864,20170125,8863.00,9100.00,0,0,0.00,0.00,0.00,8863.00,0.00
67126881188552864,20170128,8863.00,9100.00,0,0,0.00,0.00,0.00,8863.00,0.00
67126881188552864,20170129,8863.00,9100.00,0,0,0.00,0.00,0.00,8863.00,0.00
67126881188552864,20170130,8863.00,9100.00,0,0,0.00,0.00,0.00,8863.00,0.00
67126881188552864,20170131,8863.00,9100.00,0,0,0.00,0.00,0.00,8863.00,0.00
67126881188552864,20170201,8863.00,9100.00,0,0,0.00,0.00,0.00,8863.00,0.00
67126881188552864,20170204,8863.00,9100.00,0,0,0.00,0.00,0.00,8863.00,0.00
67126881188552864,20170205,8863.00,9100.00,0,0,0.00,0.00,0.00,8863.00,0.00
67126881188552864,20170206,8863.00,9100.00,0,0,0.00,0.00,0.00,8863.00,0.00
67126881188552864,20170207,8863.00,9100.00,0,0,0.00,0.00,0.00,8863.00,0.00
67126881188552864,20170208,8863.00,9100.00,0,0,0.00,0.00,0.00,8863.00,0.00
67126881188552864,20170211,8863.00,9100.00,0,0,0.00,0.00,0.00,8863.00,0.00
67126881188552864,20170212,8863.00,9100.00,0,0,0.00,0.00,0.00,8863.00,0.00
67126881188552864,20170213,8863.00,9100.00,0,0,0.00,0.00,0.00,8863.00,0.00
67126881188552864,20170214,8863.00,9100.00,0,0,0.00,0.00,0.00,8863.00,0.00
67126881188552864,20170215,8863.00,9100.00,0,0,0.00,0.00,0.00,8863.00,0.00
67126881188552864,20170218,8863.00,9100.00,0,0,0.00,0.00,0.00,8863.00,0.00
67126881188552864,20170219,8863.00,9100.00,0,0,0.00,0.00,0.00,8863.00,0.00
67126881188552864,20170220,8863.00,9100.00,0,0,0.00,0.00,0.00,8863.00,0.00
67126881188552864,20170221,8863.00,9100.00,0,0,0.00,0.00,0.00,8863.00,0.00
67126881188552864,20170222,8863.00,9100.00,0,0,0.00,0.00,0.00,8863.00,0.00
67126881188552864,20170225,8863.00,9100.00,0,0,0.00,0.00,0.00,8863.00,0.00
67126881188552864,20170226,8863.00,9100.00,0,0,0.00,0.00,0.00,8863.00,0.00
67126881188552864,20170227,8863.00,9100.00,0,0,0.00,0.00,0.00,8863.00,0.00
67126881188552864,20170228,8863.00,9100.00,0,0,0.00,0.00,0.00,8863.00,0.00
67126881188552864,20170301,8863.00,9100.00,0,0,0.00,0.00,0.00,8863.00,0.00
67126881188552864,20170304,8863.00,9100.00,0,0,0.00,0.00,0.00,8863.00,0.00
67126881188552864,20170305,7671.00,7560.00,744,17664342,135506503745.00,7505.00,7900.00,8863.00,7900.00
67126881188552864,20170306,7466.00,7314.00,1044,14348244,107119101269.00,7288.00,7700.00,7671.00,7670.00
67126881188552864,20170307,7558.00,7679.00,707,15174096,114682310489.00,7466.00,7700.00,7466.00,7468.00
67126881188552864,20170308,7623.00,7543.00,451,5617956,42827420779.00,7543.00,7748.00,7558.00,7600.00
67126881188552864,20170311,7583.00,7529.00,347,3357186,25457221337.00,7300.00,7699.00,7623.00,7653.00
67126881188552864,20170312,7492.00,7450.00,709,9699324,72668449933.00,7270.00,7671.00,7583.00,7596.00
67126881188552864,20170313,7456.00,7260.00,300,3832720,28575343379.00,7260.00,7629.00,7492.00,7559.00
67126881188552864,20170314,7532.00,7535.00,335,4339527,32687398782.00,7350.00,7660.00,7456.00,7499.00
67126881188552864,20170315,7491.00,7458.00,628,10850912,81281370807.00,7260.00,7620.00,7532.00,7560.00
67126881188552864,20170318,7602.00,7599.00,254,8391306,63790970782.00,7491.00,7620.00,7491.00,7570.00
67126881188552864,20170325,7728.00,7655.00,208,6217360,48049862773.00,7600.00,7749.00,7602.00,7603.00
67126881188552864,20170326,7729.00,7475.00,353,8322283,64322217096.00,7405.00,7787.00,7728.00,7720.00
67126881188552864,20170327,7769.00,7700.00,286,9755470,75789000185.00,7591.00,7800.00,7729.00,7684.00
67126881188552864,20170328,7754.00,7775.00,263,3115263,24155891412.00,7648.00,7776.00,7769.00,7770.00
67126881188552864,20170329,7757.00,7740.00,248,7055096,54727382338.00,7600.00,7780.00,7754.00,7777.00
67126881188552864,20170403,7637.00,7695.00,187,2840938,21696731253.00,7602.00,7750.00,7757.00,7750.00
67126881188552864,20170404,7585.00,7667.00,235,2802652,21258167107.00,7423.00,7670.00,7637.00,7647.00
67126881188552864,20170405,7440.00,7497.00,300,2694085,20044025353.00,7381.00,7695.00,7585.00,7695.00
67126881188552864,20170408,7463.00,7589.00,207,1405110,10486050774.00,7435.00,7589.00,7440.00,7442.00
67126881188552864,20170409,7597.00,7567.00,265,2270588,17250746914.00,7530.00,7648.00,7463.00,7540.00
67126881188552864,20170410,7707.00,7700.00,435,4923383,37946233836.00,7599.00,7770.00,7597.00,7599.00
67126881188552864,20170412,7884.00,7820.00,401,3954713,31177509459.00,7708.00,8011.00,7707.00,7709.00
67126881188552864,20170415,8069.00,8060.00,505,2771874,22365848344.00,7950.00,8097.00,7884.00,8000.00
67126881188552864,20170416,8046.00,8079.00,515,5704896,45900138811.00,7890.00,8132.00,8069.00,8099.00
67126881188552864,20170417,7862.00,7900.00,258,2008610,15792489372.00,7800.00,8100.00,8046.00,8047.00
67126881188552864,20170418,8067.00,7960.00,208,1393366,11239878722.00,7960.00,8110.00,7862.00,8034.00
67126881188552864,20170419,8205.00,8390.00,432,6952841,57050476220.00,8050.00,8390.00,8067.00,8070.00
67126881188552864,20170422,8261.00,8198.00,195,881398,7300253401.00,8153.00,8400.00,8205.00,8220.00
67126881188552864,20170423,8233.00,8200.00,182,956823,7870652577.00,8062.00,8388.00,8261.00,8360.00
67126881188552864,20170424,8254.00,8072.00,183,1904874,15722753373.00,8030.00,8366.00,8233.00,8100.00
67126881188552864,20170426,8177.00,8070.00,145,541574,4376318820.00,8000.00,8248.00,8254.00,8073.00
67126881188552864,20170429,8009.00,7966.00,267,1677622,13436872501.00,7780.00,8223.00,8177.00,8223.00
67126881188552864,20170430,7955.00,7750.00,161,549076,4331583501.00,7710.00,8097.00,8009.00,8000.00
67126881188552864,20170501,7846.00,7670.00,245,857813,6690120334.00,7601.00,7989.00,7955.00,7920.00
67126881188552864,20170502,7649.00,7508.00,215,974969,7408453747.00,7500.00,7847.00,7846.00,7835.00
67126881188552864,20170503,7611.00,7800.00,520,4106013,31251887581.00,7385.00,7850.00,7649.00,7562.00
67126881188552864,20170506,7838.00,7665.00,404,6293820,49333876305.00,7512.00,7886.00,7611.00,7701.00
67126881188552864,20170507,7770.00,7650.00,179,1030396,7986548438.00,7603.00,7938.00,7838.00,7747.00
67126881188552864,20170508,7962.00,7875.00,345,14375101,114458234945.00,7726.00,7984.00,7770.00,7760.00
67126881188552864,20170509,7927.00,7899.00,239,2229844,17676586967.00,7603.00,7990.00,7962.00,7960.00
67126881188552864,20170510,7928.00,7840.00,155,958589,7599807797.00,7840.00,8000.00,7927.00,7900.00
67126881188552864,20170513,7868.00,7640.00,137,433804,3364044045.00,7640.00,7899.00,7928.00,7880.00
67126881188552864,20170514,7809.00,7700.00,174,608406,4712766273.00,7600.00,7868.00,7868.00,7800.00
67126881188552864,20170515,7742.00,7500.00,120,361333,2736630225.00,7500.00,7849.00,7809.00,7849.00
67126881188552864,20170516,7691.00,7514.00,156,1294365,9955584846.00,7475.00,7800.00,7742.00,7699.00
67126881188552864,20170517,7674.00,7700.00,241,2428455,18635574251.00,7450.00,7784.00,7691.00,7600.00
67126881188552864,20170520,7671.00,7601.00,86,172718,1321849823.00,7540.00,7790.00,7674.00,7790.00
67126881188552864,20170521,7744.00,7774.00,163,1802193,13957072933.00,7512.00,7800.00,7671.00,7601.00
67126881188552864,20170522,7746.00,7571.00,58,460210,3566200345.00,7570.00,7779.00,7744.00,7700.00
67126881188552864,20170523,7727.00,7575.00,71,161156,1222994114.00,7573.00,7627.00,7746.00,7582.00
67126881188552864,20170524,7626.00,7780.00,255,1940316,14797197133.00,7491.00,7780.00,7727.00,7560.00
67126881188552864,20170527,7676.00,7730.00,186,1209600,9290501145.00,7501.00,7730.00,7626.00,7585.00
67126881188552864,20170528,7673.00,7550.00,66,342325,2624121159.00,7533.00,7700.00,7676.00,7680.00
67126881188552864,20170529,7621.00,7538.00,112,563555,4256299991.00,7500.00,7697.00,7673.00,7650.00
67126881188552864,20170530,7596.00,7480.00,59,360400,2714467673.00,7480.00,7670.00,7621.00,7540.00
67126881188552864,20170531,7572.00,7531.00,105,801528,6056517283.00,7505.00,7640.00,7596.00,7640.00
67126881188552864,20170603,7512.00,7456.00,97,960247,7192345108.00,7420.00,7588.00,7572.00,7501.00
67126881188552864,20170606,7531.00,7458.00,106,1114753,8398580164.00,7454.00,7590.00,7512.00,7549.00
67126881188552864,20170607,7403.00,7388.00,108,1152690,8512271326.00,7260.00,7488.00,7531.00,7460.00
67126881188552864,20170610,7466.00,7403.00,154,1029598,7707352713.00,7311.00,7520.00,7403.00,7519.00
67126881188552864,20170611,7430.00,7398.00,101,1293778,9610703852.00,7320.00,7509.00,7466.00,7320.00
67126881188552864,20170612,7377.00,7240.00,72,516579,3766651534.00,7240.00,7390.00,7430.00,7390.00
67126881188552864,20170613,7316.00,7280.00,77,701954,5096015401.00,7210.00,7399.00,7377.00,7300.00
67126881188552864,20170614,7312.00,7240.00,36,233347,1701211988.00,7200.00,7340.00,7316.00,7200.00
67126881188552864,20170617,7271.00,7140.00,97,398090,2855267210.00,7140.00,7350.00,7312.00,7320.00
67126881188552864,20170618,7230.00,7020.00,77,327340,2323828730.00,7020.00,7198.00,7271.00,7198.00
67126881188552864,20170619,7237.00,7100.00,127,981551,7106186988.00,7000.00,7411.00,7230.00,7021.00
67126881188552864,20170620,7280.00,7257.00,150,1547678,11267502766.00,7060.00,7379.00,7237.00,7130.00
67126881188552864,20170621,7261.00,7200.00,42,276382,1985967970.00,7100.00,7319.00,7280.00,7257.00
67126881188552864,20170624,7199.00,7010.00,104,390603,2750843148.00,7001.00,7240.00,7261.00,7240.00
67126881188552864,20170625,7045.00,7007.00,181,1304120,9176096265.00,7004.00,7190.00,7199.00,7020.00
67126881188552864,20170628,7049.00,7070.00,90,308690,2180105976.00,7002.00,7147.00,7045.00,7120.00
67126881188552864,20170701,7056.00,7060.00,87,221314,1569780965.00,7050.00,7170.00,7049.00,7164.00
67126881188552864,20170702,7121.00,7111.00,237,1248927,8904091762.00,7059.00,7178.00,7056.00,7100.00
67126881188552864,20170703,7204.00,7285.00,276,1999408,14403875659.00,7140.00,7285.00,7121.00,7174.00
67126881188552864,20170704,7189.00,7100.00,124,946698,6798621034.00,7100.00,7293.00,7204.00,7210.00
67126881188552864,20170705,7273.00,7302.00,224,2381326,17318888334.00,7195.00,7380.00,7189.00,7200.00
67126881188552864,20170708,7291.00,7387.00,134,2226626,16234098210.00,7175.00,7389.00,7273.00,7388.00
67126881188552864,20170709,7315.00,7418.00,82,553676,4070273645.00,7301.00,7429.00,7291.00,7396.00
67126881188552864,20170710,7349.00,7380.00,92,620860,4588503442.00,7350.00,7430.00,7315.00,7400.00
67126881188552864,20170711,7413.00,7421.00,115,867877,6466138591.00,7400.00,7500.00,7349.00,7451.00
67126881188552864,20170712,7430.00,7450.00,85,875722,6515296978.00,7420.00,7477.00,7413.00,7449.00
67126881188552864,20170715,7457.00,7465.00,148,623139,4665770204.00,7430.00,7500.00,7430.00,7452.00
67126881188552864,20170716,7433.00,7311.00,86,639824,4738909135.00,7302.00,7451.00,7457.00,7451.00
67126881188552864,20170717,7393.00,7200.00,83,244902,1765877311.00,7181.00,7400.00,7433.00,7400.00
67126881188552864,20170718,7276.00,7320.00,212,1903893,13852008214.00,7186.00,7350.00,7393.00,7200.00
67126881188552864,20170719,7276.00,7320.00,0,0,0.00,0.00,0.00,7276.00,0.00
67126881188552864,20170722,7276.00,7320.00,0,0,0.00,0.00,0.00,7276.00,0.00
67126881188552864,20170723,7276.00,7320.00,0,0,0.00,0.00,0.00,7276.00,0.00
67126881188552864,20170724,7276.00,7320.00,0,0,0.00,0.00,0.00,7276.00,0.00
67126881188552864,20170725,7276.00,7320.00,0,0,0.00,0.00,0.00,7276.00,0.00
67126881188552864,20170726,7276.00,7320.00,0,0,0.00,0.00,0.00,7276.00,0.00
67126881188552864,20170729,7276.00,7320.00,0,0,0.00,0.00,0.00,7276.00,0.00
67126881188552864,20170730,7276.00,7320.00,0,0,0.00,0.00,0.00,7276.00,0.00
67126881188552864,20170731,7276.00,7320.00,0,0,0.00,0.00,0.00,7276.00,0.00
67126881188552864,20170801,7276.00,7320.00,0,0,0.00,0.00,0.00,7276.00,0.00
67126881188552864,20170802,7276.00,7320.00,0,0,0.00,0.00,0.00,7276.00,0.00
67126881188552864,20170806,7276.00,7320.00,0,0,0.00,0.00,0.00,7276.00,0.00
67126881188552864,20170807,7116.00,7320.00,0,0,0.00,0.00,0.00,7116.00,0.00
67126881188552864,20170808,7116.00,7320.00,0,0,0.00,0.00,0.00,7116.00,0.00
67126881188552864,20170809,7116.00,7320.00,0,0,0.00,0.00,0.00,7116.00,0.00
67126881188552864,20170812,7116.00,7320.00,0,0,0.00,0.00,0.00,7116.00,0.00
67126881188552864,20170813,7116.00,7320.00,0,0,0.00,0.00,0.00,7116.00,0.00
67126881188552864,20170814,7116.00,7320.00,0,0,0.00,0.00,0.00,7116.00,0.00
67126881188552864,20170815,7116.00,7320.00,0,0,0.00,0.00,0.00,7116.00,0.00
67126881188552864,20170816,7116.00,7320.00,0,0,0.00,0.00,0.00,7116.00,0.00
67126881188552864,20170819,7116.00,7320.00,0,0,0.00,0.00,0.00,7116.00,0.00
67126881188552864,20170820,7116.00,7320.00,0,0,0.00,0.00,0.00,7116.00,0.00
67126881188552864,20170821,7116.00,7320.00,0,0,0.00,0.00,0.00,7116.00,0.00
67126881188552864,20170822,7116.00,7320.00,0,0,0.00,0.00,0.00,7116.00,0.00
67126881188552864,20170823,7116.00,7320.00,0,0,0.00,0.00,0.00,7116.00,0.00
67126881188552864,20170826,6947.00,6911.00,125,1304087,9059157185.00,6850.00,7002.00,7116.00,7001.00
67126881188552864,20170827,6753.00,6680.00,347,2059808,13909053829.00,6640.00,6969.00,6947.00,6969.00
67126881188552864,20170828,6718.00,6670.00,111,657240,4387948912.00,6611.00,6760.00,6753.00,6680.00
67126881188552864,20170829,6716.00,6675.00,84,382013,2564121987.00,6675.00,6838.00,6718.00,6838.00
67126881188552864,20170830,6722.00,6700.00,122,589605,3968296814.00,6513.00,6786.00,6716.00,6739.00
67126881188552864,20170902,6724.00,6667.00,107,259920,1750786497.00,6667.00,6932.00,6722.00,6840.00
67126881188552864,20170903,6708.00,6700.00,132,940903,6303445277.00,6661.00,6770.00,6724.00,6690.00
67126881188552864,20170904,6702.00,6715.00,70,700047,4687419134.00,6600.00,6749.00,6708.00,6660.00
67126881188552864,20170905,6722.00,6740.00,85,427741,2896987172.00,6611.00,6837.00,6702.00,6780.00
67126881188552864,20170906,6769.00,6845.00,102,779917,5312599525.00,6751.00,6867.00,6722.00,6800.00
67126881188552864,20170910,6761.00,6690.00,67,260721,1753648918.00,6690.00,6850.00,6769.00,6710.00
67126881188552864,20170911,6755.00,6722.00,54,277040,1863591512.00,6690.00,6838.00,6761.00,6690.00
67126881188552864,20170912,6745.00,6680.00,74,314787,2111217106.00,6680.00,6798.00,6755.00,6691.00
67126881188552864,20170913,6537.00,6500.00,224,1677531,10965571471.00,6484.00,6694.00,6745.00,6661.00
67126881188552864,20170916,6529.00,6648.00,195,4194985,27389164485.00,6455.00,6660.00,6537.00,6580.00
67126881188552864,20170917,6595.00,6700.00,258,2643398,17432607165.00,6525.00,6790.00,6529.00,6525.00
67126881188552864,20170918,6621.00,6621.00,190,1392185,9221528102.00,6589.00,6782.00,6595.00,6749.00
67126881188552864,20170919,6854.00,6952.00,347,1895818,12993647613.00,6617.00,6952.00,6621.00,6617.00
67126881188552864,20170920,7104.00,7130.00,243,1532469,10887085925.00,7010.00,7172.00,6854.00,7010.00
67126881188552864,20170923,7070.00,7003.00,143,767865,5407294704.00,7000.00,7169.00,7104.00,7169.00
67126881188552864,20170924,7062.00,6976.00,121,602241,4246241508.00,6976.00,7119.00,7070.00,7119.00
67126881188552864,20170925,6974.00,7014.00,209,2475042,17261044403.00,6900.00,7045.00,7062.00,7000.00
67126881188552864,20170926,6974.00,7014.00,0,0,0.00,0.00,0.00,6974.00,0.00
67126881188552864,20170927,6974.00,7014.00,0,0,0.00,0.00,0.00,6974.00,0.00
67126881188552864,20171002,6986.00,7100.00,79,670657,4694159302.00,6800.00,7168.00,6974.00,6900.00
67126881188552864,20171003,7064.00,7060.00,158,1154614,8175858620.00,6991.00,7153.00,6986.00,7153.00
67126881188552864,20171004,7042.00,6910.00,99,331051,2307679608.00,6910.00,7129.00,7064.00,7100.00
67126881188552864,20171007,6934.00,6800.00,66,671804,4577004903.00,6800.00,7000.00,7042.00,6901.00
67126881188552864,20171008,6903.00,6900.00,85,585667,4016523892.00,6701.00,7050.00,6934.00,6980.00
67126881188552864,20171009,6927.00,6810.00,84,828529,5753998404.00,6620.00,6999.00,6903.00,6621.00
67126881188552864,20171010,6912.00,6830.00,44,283248,1941019450.00,6800.00,6973.00,6927.00,6930.00
67126881188552864,20171011,6898.00,6810.00,57,338047,2316717569.00,6711.00,6942.00,6912.00,6800.00
67126881188552864,20171014,6896.00,6896.00,61,553774,3816345516.00,6850.00,6960.00,6898.00,6946.00
67126881188552864,20171015,6901.00,6899.00,52,516517,3568537552.00,6850.00,6950.00,6896.00,6910.00
67126881188552864,20171016,6860.00,6928.00,136,2759712,18931450933.00,6784.00,6939.00,6901.00,6850.00
67126881188552864,20171017,6849.00,6871.00,60,394494,2689804588.00,6800.00,6947.00,6860.00,6860.00
67126881188552864,20171018,6812.00,6895.00,233,2706741,18438278946.00,6770.00,6900.00,6849.00,6837.00
67126881188552864,20171021,6809.00,6781.00,79,943940,6426102699.00,6705.00,6895.00,6812.00,6705.00
67126881188552864,20171022,6834.00,6763.00,99,1156622,7912468016.00,6702.00,6893.00,6809.00,6702.00
67126881188552864,20171023,6829.00,6830.00,53,201090,1366389430.00,6752.00,6869.00,6834.00,6869.00
67126881188552864,20171024,6831.00,6758.00,70,407340,2784064427.00,6758.00,6880.00,6829.00,6839.00
67126881188552864,20171025,6821.00,6756.00,52,251377,1702662717.00,6746.00,6800.00,6831.00,6746.00
67126881188552864,20171028,6815.00,6840.00,98,531892,3619028906.00,6750.00,6845.00,6821.00,6761.00
67126881188552864,20171029,6816.00,6844.00,139,1613327,10996792382.00,6756.00,6844.00,6815.00,6828.00
67126881188552864,20171030,6855.00,6921.00,196,2558892,17540826670.00,6780.00,6986.00,6816.00,6782.00
67126881188552864,20171031,7190.00,7197.00,473,8803214,63292887102.00,6990.00,7197.00,6855.00,6990.00
67126881188552864,20171101,7263.00,7305.00,409,2761019,20053603022.00,7150.00,7349.00,7190.00,7200.00
67126881188552864,20171104,7331.00,7490.00,283,1661153,12178240131.00,7252.00,7490.00,7263.00,7387.00
67126881188552864,20171105,7409.00,7420.00,254,1287480,9546520470.00,7366.00,7520.00,7331.00,7489.00
67126881188552864,20171106,7551.00,7470.00,427,2319716,17515401584.00,7430.00,7779.00,7409.00,7515.00
67126881188552864,20171107,7488.00,7478.00,176,822957,6128079760.00,7359.00,7537.00,7551.00,7530.00
67126881188552864,20171108,7580.00,7649.00,297,3095493,23464165336.00,7358.00,7691.00,7488.00,7410.00
67126881188552864,20171111,7465.00,7420.00,214,1178703,8782210618.00,7399.00,7580.00,7580.00,7580.00
67126881188552864,20171112,7549.00,7589.00,846,1232335,9310247636.00,7370.00,7628.00,7465.00,7470.00
67126881188552864,20171113,7576.00,7600.00,145,1508459,11428625682.00,7502.00,7619.00,7549.00,7596.00
67126881188552864,20171114,7601.00,7612.00,95,1213677,9228246904.00,7576.00,7628.00,7576.00,7576.00
67126881188552864,20171115,7601.00,7611.00,162,1319218,10027104992.00,7566.00,7630.00,7601.00,7579.00
67126881188552864,20171118,7604.00,7542.00,91,577453,4392699806.00,7542.00,7628.00,7601.00,7600.00
67126881188552864,20171120,7535.00,7452.00,131,1954703,14728031500.00,7450.00,7613.00,7604.00,7556.00
67126881188552864,20171121,7555.00,7538.00,183,3003017,22689267482.00,7430.00,7600.00,7535.00,7499.00
67126881188552864,20171122,7576.00,7596.00,92,873175,6624882242.00,7460.00,7620.00,7555.00,7464.00
67126881188552864,20171125,7796.00,7790.00,774,7586052,59140801635.00,7480.00,7950.00,7576.00,7500.00
67126881188552864,20171126,7732.00,7720.00,144,1165648,9003384395.00,7641.00,7850.00,7796.00,7810.00
67126881188552864,20171128,7702.00,7706.00,173,2706783,20847528475.00,7520.00,7778.00,7732.00,7610.00
67126881188552864,20171129,7706.00,7718.00,72,323989,2500228191.00,7660.00,7778.00,7702.00,7777.00
67126881188552864,20171202,7713.00,7722.00,134,1980170,15274033059.00,7650.00,7760.00,7706.00,7700.00
67126881188552864,20171203,7682.00,7540.00,87,356993,2712693904.00,7540.00,7777.00,7713.00,7750.00
67126881188552864,20171204,7573.00,7535.00,71,1161194,8778256218.00,7530.00,7625.00,7682.00,7555.00
67126881188552864,20171205,7868.00,7799.00,363,6508981,51210696396.00,7501.00,7951.00,7573.00,7505.00
67126881188552864,20171209,7827.00,7690.00,84,694471,5412388670.00,7690.00,7930.00,7868.00,7922.00
67126881188552864,20171210,7770.00,7660.00,100,444582,3407043079.00,7555.00,7750.00,7827.00,7750.00
67126881188552864,20171211,7640.00,7600.00,163,1658881,12673945372.00,7512.00,7750.00,7770.00,7572.00
67126881188552864,20171212,7978.00,7850.00,782,7347979,58621078431.00,7850.00,8022.00,7640.00,7850.00
67126881188552864,20171213,7924.00,7900.00,212,788037,6217996319.00,7800.00,7994.00,7978.00,7994.00
67126881188552864,20171214,7924.00,7900.00,0,0,0.00,0.00,0.00,7924.00,0.00
67126881188552864,20171215,7924.00,7900.00,0,0,0.00,0.00,0.00,7924.00,0.00
67126881188552864,20171216,8035.00,8120.00,520,5518499,44340527549.00,7810.00,8220.00,7924.00,7969.00
67126881188552864,20171217,8158.00,8140.00,594,9900768,80770897256.00,8099.00,8285.00,8035.00,8150.00
67126881188552864,20171218,8102.00,8129.00,207,2210821,17912476915.00,8026.00,8200.00,8158.00,8090.00
67126881188552864,20171219,8074.00,8053.00,133,1143042,9225928746.00,8051.00,8130.00,8102.00,8081.00
67126881188552864,20171220,8056.00,8051.00,225,1976064,15919524607.00,7850.00,8113.00,8074.00,8015.00
67126881188552864,20171223,8013.00,8009.00,171,2241264,17959845822.00,7921.00,8085.00,8056.00,8085.00
67126881188552864,20171224,7971.00,7970.00,177,1558514,12423518893.00,7926.00,8069.00,8013.00,8065.00
67126881188552864,20171225,7913.00,7779.00,273,2246226,17774785071.00,7779.00,8072.00,7971.00,7997.00
67126881188552864,20171226,7780.00,7800.00,176,1716062,13351498827.00,7700.00,7850.00,7913.00,7850.00
67126881188552864,20171227,7849.00,7791.00,158,2138050,16781566734.00,7783.00,7920.00,7780.00,7810.00
67126881188552864,20171230,7924.00,7855.00,166,1405924,11141026314.00,7601.00,8056.00,7849.00,7791.00
67126881188552864,20171231,7538.00,7528.00,368,8290514,62493847301.00,7528.00,7970.00,7924.00,7681.00
67126881188552864,20180101,7559.00,7552.00,205,3595468,27178442440.00,7540.00,7678.00,7538.00,7600.00
67126881188552864,20180102,7537.00,7400.00,177,2388922,18005099517.00,7333.00,7699.00,7559.00,7699.00
67126881188552864,20180103,7535.00,7500.00,194,1527725,11511165171.00,7461.00,7605.00,7537.00,7550.00
67126881188552864,20180106,7486.00,7450.00,134,1405367,10519976641.00,7426.00,7599.00,7535.00,7598.00
67126881188552864,20180107,7440.00,7400.00,139,824628,6111581606.00,7351.00,7499.00,7486.00,7401.00
67126881188552864,20180108,7509.00,7594.00,98,759802,5744433384.00,7455.00,7598.00,7440.00,7455.00
67126881188552864,20180109,7547.00,7500.00,132,741708,5620103892.00,7360.00,7600.00,7509.00,7540.00
67126881188552864,20180110,7681.00,7800.00,192,2169683,16665349815.00,7500.00,7800.00,7547.00,7600.00
67126881188552864,20180113,7712.00,7760.00,67,315766,2466224947.00,7611.00,7898.00,7681.00,7611.00
67126881188552864,20180114,7707.00,7716.00,104,674415,5194906366.00,7690.00,7720.00,7712.00,7720.00
67126881188552864,20180115,7724.00,7700.00,116,673420,5212704790.00,7622.00,7794.00,7707.00,7651.00
67126881188552864,20180116,7697.00,7700.00,175,1575400,12125427861.00,7666.00,7728.00,7724.00,7728.00
67126881188552864,20180117,7626.00,7561.00,150,1657749,12641980522.00,7530.00,7725.00,7697.00,7725.00
67126881188552864,20180120,7426.00,7400.00,195,3107613,23075827235.00,7341.00,7699.00,7626.00,7605.00
67126881188552864,20180121,7503.00,7620.00,136,971575,7315603432.00,7301.00,7650.00,7426.00,7360.00
67126881188552864,20180122,7555.00,7609.00,96,700813,5325884467.00,7550.00,7658.00,7503.00,7658.00
67126881188552864,20180123,7560.00,7599.00,97,355723,2693439175.00,7414.00,7650.00,7555.00,7650.00
67126881188552864,20180124,7585.00,7531.00,178,1208001,9165287177.00,7500.00,7605.00,7560.00,7599.00
67126881188552864,20180127,7518.00,7451.00,150,1015300,7612733524.00,7410.00,7600.00,7585.00,7432.00
67126881188552864,20180128,7489.00,7377.00,141,1633359,12232902269.00,7351.00,7591.00,7518.00,7401.00
67126881188552864,20180129,7436.00,7510.00,197,3839889,28552078282.00,7350.00,7599.00,7489.00,7350.00
67126881188552864,20180130,7457.00,7450.00,135,2342880,17471134021.00,7400.00,7497.00,7436.00,7465.00
67126881188552864,20180131,7402.00,7400.00,91,1252875,9270375991.00,7367.00,7440.00,7457.00,7399.00
67126881188552864,20180203,7472.00,7533.00,108,1127296,8438613708.00,7340.00,7555.00,7402.00,7400.00
67126881188552864,20180204,7486.00,7425.00,66,318128,2396458101.00,7410.00,7574.00,7472.00,7520.00
67126881188552864,20180205,7520.00,7440.00,128,785069,5923154866.00,7420.00,7590.00,7486.00,7420.00
67126881188552864,20180206,7492.00,7401.00,117,334338,2476940635.00,7400.00,7460.00,7520.00,7430.00
67126881188552864,20180207,7449.00,7300.00,76,403317,2963740498.00,7300.00,7500.00,7492.00,7400.00
67126881188552864,20180210,7287.00,7180.00,173,1241986,9033728072.00,7167.00,7460.00,7449.00,7449.00
67126881188552864,20180212,7345.00,7360.00,89,896163,6608856634.00,7240.00,7450.00,7287.00,7290.00
67126881188552864,20180213,7323.00,7203.00,103,246350,1780047016.00,7200.00,7469.00,7345.00,7469.00
67126881188552864,20180214,7102.00,7140.00,403,4328856,30741663144.00,7000.00,7298.00,7323.00,7200.00
67126881188552864,20180217,7115.00,7275.00,158,1010943,7197675013.00,7017.00,7277.00,7102.00,7110.00
67126881188552864,20180218,7190.00,7108.00,119,1078177,7777384068.00,7108.00,7273.00,7115.00,7240.00
67126881188552864,20180219,7053.00,6953.00,103,888041,6192690394.00,6953.00,7194.00,7190.00,7194.00
67126881188552864,20180221,7045.00,7000.00,42,182414,1275748810.00,6925.00,7048.00,7053.00,6928.00
67126881188552864,20180224,7043.00,7000.00,60,315283,2218907747.00,6970.00,7079.00,7045.00,6970.00
67126881188552864,20180225,7035.00,7000.00,45,136365,948768466.00,6910.00,7090.00,7043.00,7090.00
67126881188552864,20180226,7019.00,6910.00,81,209881,1453270021.00,6910.00,6990.00,7035.00,6941.00
67126881188552864,20180227,6939.00,6798.00,137,498865,3388073723.00,6750.00,6980.00,7019.00,6980.00
67126881188552864,20180228,6922.00,6865.00,66,211593,1444021757.00,6753.00,6890.00,6939.00,6786.00
67126881188552864,20180303,6923.00,6791.00,86,587620,4068621410.00,6720.00,7000.00,6922.00,6760.00
67126881188552864,20180304,6842.00,6840.00,106,640231,4315019986.00,6700.00,6899.00,6923.00,6791.00
67126881188552864,20180305,6835.00,6700.00,157,1671111,11421819671.00,6700.00,6985.00,6842.00,6899.00
67126881188552864,20180306,6925.00,6899.00,174,2064452,14295857272.00,6750.00,6998.00,6835.00,6750.00
67126881188552864,20180307,7013.00,7050.00,176,1133465,7976683911.00,6900.00,7100.00,6925.00,6900.00
67126881188552864,20180310,7021.00,6833.00,89,393635,2771895638.00,6800.00,7089.00,7013.00,7080.00
67126881188552864,20180311,6921.00,7018.00,237,2701367,18694841906.00,6795.00,7030.00,7021.00,7030.00
67126881188552864,20180312,6922.00,6990.00,21,16871,117509474.00,6866.00,7045.00,6921.00,7045.00
67126881188552864,20180313,6934.00,6980.00,66,504108,3506129831.00,6820.00,7000.00,6922.00,6883.00
67126881188552864,20180314,6927.00,6850.00,48,164296,1129574078.00,6830.00,6994.00,6934.00,6994.00
67126881188552864,20180317,6905.00,6894.00,87,467885,3209712554.00,6810.00,6926.00,6927.00,6926.00
67126881188552864,20180318,6862.00,6914.00,146,2493165,17109003151.00,6752.00,6914.00,6905.00,6850.00
67126881188552864,20180319,6796.00,6799.00,293,5668217,38522430860.00,6640.00,6900.00,6862.00,6900.00
67126881188552864,20180325,6805.00,6958.00,50,124758,861301661.00,6673.00,6968.00,6796.00,6673.00
67126881188552864,20180326,6855.00,6880.00,58,453387,3158503823.00,6818.00,6998.00,6805.00,6965.00
67126881188552864,20180327,6868.00,6850.00,35,183980,1280902937.00,6850.00,6998.00,6855.00,6998.00
67126881188552864,20180328,6853.00,6874.00,74,362400,2466611299.00,6767.00,6970.00,6868.00,6944.00
67126881188552864,20180403,6851.00,6808.00,29,14044,94011109.00,6602.00,6898.00,6853.00,6700.00
67126881188552864,20180404,6832.00,6700.00,106,238646,1607193633.00,6700.00,6898.00,6851.00,6880.00
67126881188552864,20180407,6791.00,6564.00,106,287703,1905281525.00,6564.00,6790.00,6832.00,6790.00
67126881188552864,20180408,6732.00,6520.00,108,320122,2087035547.00,6500.00,6720.00,6791.00,6603.00
67126881188552864,20180409,6701.00,6590.00,99,747267,4985336026.00,6528.00,6775.00,6732.00,6775.00
67126881188552864,20180410,6635.00,6449.00,331,644917,4224630571.00,6440.00,6733.00,6701.00,6600.00
67126881188552864,20180411,6635.00,6449.00,0,0,0.00,0.00,0.00,6635.00,0.00
67126881188552864,20180415,6635.00,6449.00,0,0,0.00,0.00,0.00,6635.00,0.00
67126881188552864,20180416,6635.00,6449.00,0,0,0.00,0.00,0.00,6635.00,0.00
67126881188552864,20180417,6635.00,6449.00,0,0,0.00,0.00,0.00,6635.00,0.00
67126881188552864,20180418,3318.00,3225.00,0,0,0.00,0.00,0.00,3318.00,0.00
67126881188552864,20180421,3318.00,3225.00,0,0,0.00,0.00,0.00,3318.00,0.00
67126881188552864,20180422,3318.00,3225.00,0,0,0.00,0.00,0.00,3318.00,0.00
67126881188552864,20180423,3318.00,3225.00,0,0,0.00,0.00,0.00,3318.00,0.00
67126881188552864,20180424,3318.00,3225.00,0,0,0.00,0.00,0.00,3318.00,0.00
67126881188552864,20180425,3318.00,3225.00,0,0,0.00,0.00,0.00,3318.00,0.00
67126881188552864,20180428,3318.00,3225.00,0,0,0.00,0.00,0.00,3318.00,0.00
67126881188552864,20180429,3318.00,3225.00,0,0,0.00,0.00,0.00,3318.00,0.00
67126881188552864,20180430,3318.00,3225.00,0,0,0.00,0.00,0.00,3318.00,0.00
67126881188552864,20180501,3318.00,3225.00,0,0,0.00,0.00,0.00,3318.00,0.00
67126881188552864,20180505,3318.00,3225.00,0,0,0.00,0.00,0.00,3318.00,0.00
67126881188552864,20180506,3318.00,3225.00,0,0,0.00,0.00,0.00,3318.00,0.00
67126881188552864,20180507,3318.00,3225.00,0,0,0.00,0.00,0.00,3318.00,0.00
67126881188552864,20180508,3318.00,3225.00,0,0,0.00,0.00,0.00,3318.00,0.00
67126881188552864,20180509,3318.00,3225.00,0,0,0.00,0.00,0.00,3318.00,0.00
67126881188552864,20180512,3318.00,3225.00,0,0,0.00,0.00,0.00,3318.00,0.00
67126881188552864,20180513,3318.00,3225.00,0,0,0.00,0.00,0.00,3318.00,0.00
67126881188552864,20180514,3318.00,3225.00,0,0,0.00,0.00,0.00,3318.00,0.00
67126881188552864,20180515,3318.00,3225.00,0,0,0.00,0.00,0.00,3318.00,0.00
67126881188552864,20180516,3318.00,3225.00,0,0,0.00,0.00,0.00,3318.00,0.00
67126881188552864,20180519,3318.00,3225.00,0,0,0.00,0.00,0.00,3318.00,0.00
67126881188552864,20180520,3318.00,3225.00,0,0,0.00,0.00,0.00,3318.00,0.00
67126881188552864,20180521,3318.00,3225.00,0,0,0.00,0.00,0.00,3318.00,0.00
67126881188552864,20180522,3318.00,3225.00,0,0,0.00,0.00,0.00,3318.00,0.00
67126881188552864,20180523,3318.00,3225.00,0,0,0.00,0.00,0.00,3318.00,0.00
67126881188552864,20180526,3318.00,3225.00,0,0,0.00,0.00,0.00,3318.00,0.00
67126881188552864,20180527,3318.00,3225.00,0,0,0.00,0.00,0.00,3318.00,0.00
67126881188552864,20180528,3318.00,3225.00,0,0,0.00,0.00,0.00,3318.00,0.00
67126881188552864,20180529,3318.00,3225.00,0,0,0.00,0.00,0.00,3318.00,0.00
67126881188552864,20180530,3318.00,3225.00,0,0,0.00,0.00,0.00,3318.00,0.00
67126881188552864,20180602,3318.00,3225.00,0,0,0.00,0.00,0.00,3318.00,0.00
67126881188552864,20180603,3318.00,3225.00,0,0,0.00,0.00,0.00,3318.00,0.00
67126881188552864,20180609,3318.00,3225.00,0,0,0.00,0.00,0.00,3318.00,0.00
67126881188552864,20180610,3318.00,3225.00,0,0,0.00,0.00,0.00,3318.00,0.00
67126881188552864,20180611,3318.00,3225.00,0,0,0.00,0.00,0.00,3318.00,0.00
67126881188552864,20180612,3318.00,3225.00,0,0,0.00,0.00,0.00,3318.00,0.00
67126881188552864,20180613,3318.00,3225.00,0,0,0.00,0.00,0.00,3318.00,0.00
67126881188552864,20180617,3318.00,3225.00,0,0,0.00,0.00,0.00,3318.00,0.00
67126881188552864,20180618,3318.00,3225.00,0,0,0.00,0.00,0.00,3318.00,0.00
67126881188552864,20180619,3318.00,3225.00,0,0,0.00,0.00,0.00,3318.00,0.00
67126881188552864,20180620,3318.00,3225.00,0,0,0.00,0.00,0.00,3318.00,0.00
67126881188552864,20180623,3318.00,3225.00,0,0,0.00,0.00,0.00,3318.00,0.00
67126881188552864,20180624,3318.00,3225.00,0,0,0.00,0.00,0.00,3318.00,0.00
67126881188552864,20180625,3318.00,3225.00,0,0,0.00,0.00,0.00,3318.00,0.00
67126881188552864,20180626,3318.00,3225.00,0,0,0.00,0.00,0.00,3318.00,0.00
67126881188552864,20180627,3318.00,3225.00,0,0,0.00,0.00,0.00,3318.00,0.00
67126881188552864,20180630,3318.00,3225.00,0,0,0.00,0.00,0.00,3318.00,0.00
67126881188552864,20180701,3248.00,3221.00,180,4816834,15643801680.00,3221.00,3390.00,3318.00,3390.00
67126881188552864,20180702,3248.00,3221.00,0,0,0.00,0.00,0.00,3248.00,0.00
67126881188552864,20180703,3248.00,3221.00,0,0,0.00,0.00,0.00,3248.00,0.00
67126881188552864,20180704,3248.00,3221.00,0,0,0.00,0.00,0.00,3248.00,0.00
67126881188552864,20180707,3217.00,3220.00,294,10914156,35111978292.00,3110.00,3240.00,3248.00,3195.00
67126881188552864,20180708,3294.00,3350.00,585,10790345,35545988335.00,3210.00,3377.00,3217.00,3282.00
67126881188552864,20180710,3285.00,3290.00,161,1824177,5979859555.00,3252.00,3400.00,3294.00,3400.00
67126881188552864,20180711,3253.00,3250.00,339,4099820,13335650633.00,3223.00,3284.00,3285.00,3253.00
67126881188552864,20180714,3234.00,3191.00,142,1487016,4777888732.00,3191.00,3311.00,3253.00,3311.00
67126881188552864,20180715,3213.00,3200.00,131,1352941,4310121281.00,3151.00,3222.00,3234.00,3222.00
67126881188552864,20180716,3133.00,3120.00,260,4482126,14040645637.00,3113.00,3190.00,3213.00,3135.00
67126881188552864,20180717,3076.00,3080.00,393,5284063,16251163360.00,3030.00,3134.00,3133.00,3100.00
67126881188552864,20180718,3076.00,3080.00,0,0,0.00,0.00,0.00,3076.00,0.00
67126881188552864,20180721,3076.00,3080.00,0,0,0.00,0.00,0.00,3076.00,0.00
67126881188552864,20180722,3076.00,3080.00,0,0,0.00,0.00,0.00,3076.00,0.00
67126881188552864,20180723,2986.00,2990.00,0,0,0.00,0.00,0.00,2986.00,0.00
67126881188552864,20180724,3016.00,3013.00,127,6217722,18755434568.00,3000.00,3059.00,2986.00,3059.00
67126881188552864,20180725,2969.00,2955.00,224,2792793,8265935702.00,2930.00,3040.00,3016.00,3013.00
67126881188552864,20180726,2969.00,2955.00,0,0,0.00,0.00,0.00,2969.00,0.00
67126881188552864,20180727,2969.00,2955.00,0,0,0.00,0.00,0.00,2969.00,0.00
67126881188552864,20180728,2969.00,2958.00,431,8121086,24110174665.00,2908.00,3047.00,2969.00,2908.00
67126881188552864,20180729,2846.00,2821.00,633,13745304,39117034457.00,2821.00,2995.00,2969.00,2995.00
67126881188552864,20180730,2774.00,2790.00,412,5878582,16307876600.00,2731.00,2944.00,2846.00,2944.00
67126881188552864,20180731,2906.00,2912.00,558,14767624,42920747922.00,2750.00,2912.00,2774.00,2780.00
67126881188552864,20180801,3051.00,3051.00,2079,67308145,205344822246.00,3000.00,3051.00,2906.00,3051.00
67126881188552864,20180804,3112.00,3120.00,869,12305993,38292804591.00,3051.00,3180.00,3051.00,3140.00
67126881188552864,20180805,3257.00,3267.00,1270,26598531,86635098975.00,3100.00,3267.00,3112.00,3167.00
67126881188552864,20180806,3419.00,3400.00,99,4059296,13878714024.00,3400.00,3419.00,3257.00,3419.00
67126881188552864,20180807,3233.00,3221.00,1213,31642619,102311124012.00,3221.00,3390.00,3419.00,3390.00
67126881188552864,20180808,3125.00,3120.00,483,4705725,14707631435.00,3100.00,3220.00,3233.00,3220.00
67126881188552864,20180811,3068.00,3029.00,301,1872828,5669585867.00,3004.00,3119.00,3125.00,3090.00
67126881188552864,20180812,3215.00,3221.00,952,25540858,82125103046.00,3030.00,3221.00,3068.00,3097.00
67126881188552864,20180813,3367.00,3375.00,1633,36548712,123069901898.00,3233.00,3375.00,3215.00,3349.00
67126881188552864,20180814,3502.00,3480.00,1344,16745657,58648834524.00,3383.00,3535.00,3367.00,3440.00
67126881188552864,20180815,3427.00,3400.00,1045,13285836,45535030262.00,3351.00,3568.00,3502.00,3511.00
67126881188552864,20180818,3371.00,3345.00,773,10306463,34739618229.00,3301.00,3460.00,3427.00,3401.00
67126881188552864,20180819,3484.00,3539.00,1781,44044446,153433220917.00,3376.00,3539.00,3371.00,3420.00
67126881188552864,20180820,3658.00,3658.00,500,21373184,78183107072.00,3658.00,3658.00,3484.00,3658.00
67126881188552864,20180821,3840.00,3840.00,1729,61567364,236418677760.00,3840.00,3840.00,3658.00,3840.00
67126881188552864,20180825,4019.00,4032.00,2319,58702085,235945597336.00,3915.00,4032.00,3840.00,3951.00
67126881188552864,20180826,4219.00,4219.00,532,17752589,74898172991.00,4219.00,4219.00,4019.00,4219.00
67126881188552864,20180827,4134.00,4160.00,2958,55044174,227544417020.00,4047.00,4300.00,4219.00,4260.00
67126881188552864,20180828,4306.00,4340.00,4344,90075147,387840525528.00,4001.00,4340.00,4134.00,4050.00
67126881188552864,20180829,4351.00,4280.00,2056,29562634,128641540154.00,4252.00,4499.00,4306.00,4420.00
67126881188552864,20180901,4206.00,4157.00,1267,14132146,59434435677.00,4156.00,4390.00,4351.00,4383.00
67126881188552864,20180902,4015.00,4050.00,1842,35217537,141394775030.00,3996.00,4149.00,4206.00,4149.00
67126881188552864,20180903,4094.00,4100.00,1404,18817854,77034408421.00,3915.00,4197.00,4015.00,4080.00
67126881188552864,20180904,4191.00,4190.00,1312,15246454,63901555520.00,4111.00,4269.00,4094.00,4111.00
67126881188552864,20180905,4154.00,4190.00,1063,10659114,44275003329.00,4082.00,4211.00,4191.00,4211.00
67126881188552864,20180908,4355.00,4361.00,1519,47762125,208023076877.00,4202.00,4361.00,4154.00,4202.00
67126881188552864,20180909,4570.00,4572.00,2030,55087567,251753062752.00,4503.00,4572.00,4355.00,4560.00
67126881188552864,20180910,4793.00,4798.00,2383,51911554,248832235592.00,4702.00,4798.00,4570.00,4780.00
67126881188552864,20180911,4963.00,5032.00,2397,42950952,213147683995.00,4793.00,5032.00,4793.00,5000.00
67126881188552864,20180912,5179.00,5211.00,49,2095659,10920479049.00,5211.00,5211.00,4963.00,5211.00
67126881188552864,20180915,5424.00,5350.00,2795,45964465,249302056957.00,5220.00,5690.00,5179.00,5437.00
67126881188552864,20180916,5264.00,5300.00,3294,50216551,264358635911.00,5153.00,5482.00,5424.00,5380.00
67126881188552864,20180917,5466.00,5527.00,1855,34307283,187510465328.00,5266.00,5527.00,5264.00,5320.00
67126881188552864,20180918,5706.00,5739.00,3826,74707642,426309987296.00,5555.00,5739.00,5466.00,5739.00
67126881188552864,20180922,5950.00,5991.00,3749,76192316,453340460872.00,5780.00,5991.00,5706.00,5800.00
67126881188552864,20180923,6024.00,6030.00,3773,55239733,332743967462.00,5900.00,6150.00,5950.00,6150.00
67126881188552864,20180924,6024.00,6030.00,0,0,0.00,0.00,0.00,6024.00,0.00
67126881188552864,20180925,6024.00,6030.00,0,0,0.00,0.00,0.00,6024.00,0.00
67126881188552864,20180926,6024.00,6030.00,0,0,0.00,0.00,0.00,6024.00,0.00
67126881188552864,20180929,6024.00,6030.00,0,0,0.00,0.00,0.00,6024.00,0.00
67126881188552864,20180930,6024.00,6030.00,0,0,0.00,0.00,0.00,6024.00,0.00
67126881188552864,20181001,6024.00,6030.00,0,0,0.00,0.00,0.00,6024.00,0.00
67126881188552864,20181002,6024.00,6030.00,0,0,0.00,0.00,0.00,6024.00,0.00
67126881188552864,20181003,6020.00,6199.00,774,34372319,206909033654.00,6000.00,6200.00,6024.00,6000.00
67126881188552864,20181006,5945.00,5719.00,4262,87240446,518655780845.00,5719.00,6285.00,6020.00,6285.00
67126881188552864,20181007,5945.00,5719.00,0,0,0.00,0.00,0.00,5945.00,0.00
67126881188552864,20181008,5945.00,5719.00,0,0,0.00,0.00,0.00,5945.00,0.00
67126881188552864,20181009,5945.00,5719.00,0,0,0.00,0.00,0.00,5945.00,0.00
67126881188552864,20181010,5214.00,5140.00,2253,35443740,184791747321.00,5035.00,5388.00,5945.00,5299.00
67126881188552864,20181013,4976.00,4954.00,390,8174160,40678410503.00,4954.00,5100.00,5214.00,5030.00
67126881188552864,20181014,4767.00,4728.00,1309,32679400,155746304935.00,4728.00,5050.00,4976.00,4728.00
67126881188552864,20181015,5001.00,5005.00,1332,28453754,142292161531.00,4850.00,5005.00,4767.00,4850.00
67126881188552864,20181016,5211.00,5251.00,2091,34483666,179698046638.00,4950.00,5251.00,5001.00,5200.00
67126881188552864,20181017,5419.00,5471.00,2016,42723315,231530948655.00,5221.00,5471.00,5211.00,5320.00
67126881188552864,20181020,5689.00,5689.00,394,14296819,81334603291.00,5689.00,5689.00,5419.00,5689.00
67126881188552864,20181021,5914.00,5973.00,42,1459209,8715855357.00,5973.00,5973.00,5689.00,5973.00
67126881188552864,20181022,5929.00,6037.00,2438,46268421,274314474025.00,5650.00,6037.00,5914.00,5750.00
67126881188552864,20181023,6069.00,5891.00,3732,58002406,351993015640.00,5830.00,6225.00,5929.00,6225.00
67126881188552864,20181024,5782.00,5766.00,1025,16974683,98153903494.00,5766.00,5980.00,6069.00,5870.00
67126881188552864,20181027,5512.00,5494.00,2433,49133761,270844278878.00,5493.00,5687.00,5782.00,5493.00
67126881188552864,20181028,5711.00,5787.00,1685,22514087,128571149033.00,5491.00,5787.00,5512.00,5491.00
67126881188552864,20181029,5931.00,5990.00,1701,20291033,120347256063.00,5830.00,5996.00,5711.00,5830.00
67126881188552864,20181031,6091.00,6100.00,1795,18004017,109670651901.00,5862.00,6215.00,5931.00,5990.00
67126881188552864,20181103,6099.00,6090.00,1391,14162246,86377646736.00,5930.00,6247.00,6091.00,6070.00
67126881188552864,20181104,6019.00,6040.00,1437,17833189,107343916526.00,5795.00,6195.00,6099.00,6013.00
67126881188552864,20181105,6082.00,6127.00,1119,13304483,80920968490.00,5970.00,6160.00,6019.00,6100.00
67126881188552864,20181106,6376.00,6386.00,3622,70173321,447396084054.00,6158.00,6386.00,6082.00,6158.00
67126881188552864,20181110,6471.00,6420.00,2810,25413805,164446199302.00,6300.00,6666.00,6376.00,6501.00
67126881188552864,20181111,6242.00,6279.00,1290,11874657,74125468723.00,6148.00,6500.00,6471.00,6500.00
67126881188552864,20181112,6234.00,6200.00,1402,10658957,66446606802.00,6121.00,6370.00,6242.00,6329.00
67126881188552864,20181113,6151.00,6087.00,1498,16019663,98530720714.00,6010.00,6300.00,6234.00,6260.00
67126881188552864,20181114,5996.00,5980.00,1268,11683755,70053270914.00,5888.00,6180.00,6151.00,6100.00
67126881188552864,20181117,5757.00,5700.00,1703,14544428,83735276196.00,5697.00,5979.00,5996.00,5894.00
67126881188552864,20181118,5480.00,5470.00,1465,19516374,106949719686.00,5470.00,5734.00,5757.00,5700.00
67126881188552864,20181119,5506.00,5400.00,1625,7391158,40692549845.00,5375.00,5700.00,5480.00,5375.00
67126881188552864,20181120,5728.00,5781.00,2227,42509845,243490599680.00,5321.00,5781.00,5506.00,5540.00
67126881188552864,20181121,5938.00,5940.00,2453,21512793,127744867750.00,5821.00,6009.00,5728.00,5870.00
67126881188552864,20181124,5729.00,5660.00,1791,12228574,70054125061.00,5642.00,5998.00,5938.00,5979.00
67126881188552864,20181126,5483.00,5555.00,1237,11139057,61075353029.00,5443.00,5887.00,5729.00,5555.00
67126881188552864,20181127,5585.00,5510.00,712,2837213,15844700808.00,5470.00,5679.00,5483.00,5555.00
67126881188552864,20181128,5314.00,5306.00,1318,14268950,75826935450.00,5306.00,5510.00,5585.00,5440.00
67126881188552864,20181201,5053.00,5049.00,533,7161490,36187099079.00,5049.00,5150.00,5314.00,5150.00
67126881188552864,20181202,5146.00,5120.00,1273,10549527,54287043934.00,5011.00,5254.00,5053.00,5090.00
67126881188552864,20181203,5141.00,5089.00,1235,7706946,39625146064.00,5000.00,5348.00,5146.00,5233.00
67126881188552864,20181204,4996.00,4993.00,1181,9008772,45008344663.00,4915.00,5140.00,5141.00,5100.00
67126881188552864,20181205,5216.00,5245.00,1933,37170557,193871658551.00,4850.00,5245.00,4996.00,5001.00
67126881188552864,20181208,5476.00,5476.00,1426,32895226,180129589549.00,5420.00,5476.00,5216.00,5476.00
67126881188552864,20181209,5558.00,5495.00,2799,29830822,165799704934.00,5410.00,5680.00,5476.00,5599.00
67126881188552864,20181210,5488.00,5500.00,1260,13699210,75179569947.00,5370.00,5595.00,5558.00,5490.00
67126881188552864,20181211,5396.00,5300.00,735,5811968,31359778322.00,5281.00,5499.00,5488.00,5499.00
67126881188552864,20181212,5320.00,5227.00,856,5129413,27288164697.00,5222.00,5450.00,5396.00,5389.00
67126881188552864,20181215,5429.00,5470.00,1405,12239675,66446997534.00,5180.00,5586.00,5320.00,5214.00
67126881188552864,20181216,5629.00,5466.00,2506,23740342,133631234679.00,5428.00,5700.00,5429.00,5500.00
67126881188552864,20181217,5400.00,5348.00,1110,9940260,53682264393.00,5348.00,5590.00,5629.00,5441.00
67126881188552864,20181218,5342.00,5240.00,817,5698089,30440113355.00,5200.00,5499.00,5400.00,5200.00
67126881188552864,20181219,5106.00,5199.00,1486,14373519,73396184857.00,5075.00,5292.00,5342.00,5250.00
67126881188552864,20181222,5303.00,5289.00,1131,9565169,50720687547.00,5220.00,5361.00,5106.00,5278.00
67126881188552864,20181223,5402.00,5339.00,996,9502731,51334364530.00,5300.00,5498.00,5303.00,5305.00
67126881188552864,20181224,5361.00,5324.00,695,5321516,28526408308.00,5300.00,5450.00,5402.00,5351.00
67126881188552864,20181225,5329.00,5300.00,473,4351031,23186945145.00,5285.00,5420.00,5361.00,5285.00
67126881188552864,20181226,5385.00,5400.00,1038,10594887,57056848878.00,5310.00,5496.00,5329.00,5330.00
67126881188552864,20181229,5585.00,5575.00,1289,12611307,70432849762.00,5401.00,5650.00,5385.00,5404.00
67126881188552864,20181230,5536.00,5500.00,694,5427912,30050104500.00,5499.00,5639.00,5585.00,5639.00
67126881188552864,20181231,5498.00,5480.00,670,7346031,40386684305.00,5425.00,5599.00,5536.00,5425.00
67126881188552864,20190101,5724.00,5640.00,2855,27618944,158078732346.00,5490.00,5772.00,5498.00,5490.00
67126881188552864,20190102,5733.00,5730.00,1449,16154645,92615704623.00,5500.00,5838.00,5724.00,5700.00
67126881188552864,20190105,5791.00,5703.00,1134,7649854,44297415340.00,5680.00,5950.00,5733.00,5800.00
67126881188552864,20190106,5685.00,5688.00,842,7523445,42773143507.00,5661.00,5719.00,5791.00,5700.00
67126881188552864,20190107,5636.00,5616.00,1005,7096058,39991873785.00,5597.00,5750.00,5685.00,5670.00
67126881188552864,20190108,5732.00,5690.00,1567,11082057,63519063379.00,5595.00,5839.00,5636.00,5600.00
67126881188552864,20190109,5750.00,5695.00,1686,9126856,52480561756.00,5690.00,5849.00,5732.00,5785.00
67126881188552864,20190112,5733.00,5660.00,1309,5934425,34021809938.00,5660.00,5805.00,5750.00,5800.00
67126881188552864,20190113,5715.00,5680.00,1202,5892996,33680270127.00,5600.00,5800.00,5733.00,5710.00
67126881188552864,20190114,5640.00,5605.00,1153,7555732,42617566635.00,5605.00,5750.00,5715.00,5740.00
67126881188552864,20190115,5594.00,5630.00,1276,9462825,52930640095.00,5520.00,5676.00,5640.00,5640.00
67126881188552864,20190116,5764.00,5800.00,2073,21388194,123276081389.00,5659.00,5859.00,5594.00,5701.00
67126881188552864,20190119,5908.00,5893.00,2326,14539342,85904939233.00,5850.00,5995.00,5764.00,5879.00
67126881188552864,20190120,5784.00,5709.00,1225,6767462,39145057120.00,5700.00,5911.00,5908.00,5911.00
67126881188552864,20190121,5541.00,5550.00,1372,9630093,53360831561.00,5495.00,5694.00,5784.00,5605.00
67126881188552864,20190122,5758.00,5720.00,2947,32523116,187268340555.00,5530.00,5818.00,5541.00,5689.00
67126881188552864,20190123,5726.00,5712.00,812,4916611,28151461942.00,5680.00,5770.00,5758.00,5758.00
67126881188552864,20190126,5726.00,5712.00,0,0,0.00,0.00,0.00,5726.00,0.00
67126881188552864,20190127,5596.00,5490.00,1465,9214205,51560730157.00,5482.00,5740.00,5726.00,5735.00
67126881188552864,20190128,5596.00,5490.00,0,0,0.00,0.00,0.00,5596.00,0.00
67126881188552864,20190129,5575.00,5490.00,827,4612318,25713914431.00,5475.00,5699.00,5596.00,5680.00
67126881188552864,20190130,5512.00,5495.00,1221,7284553,40153577560.00,5400.00,5760.00,5575.00,5549.00
67126881188552864,20190202,5411.00,5300.00,1044,5828804,31539821364.00,5300.00,5600.00,5512.00,5495.00
67126881188552864,20190203,5267.00,5242.00,784,4496500,23682978566.00,5201.00,5411.00,5411.00,5315.00
67126881188552864,20190204,5280.00,5276.00,743,4551080,24031434666.00,5240.00,5350.00,5267.00,5240.00
67126881188552864,20190205,5279.00,5220.00,735,4729454,24969016950.00,5200.00,5350.00,5280.00,5340.00
67126881188552864,20190206,5236.00,5260.00,888,7094826,37145355886.00,5150.00,5349.00,5279.00,5255.00
67126881188552864,20190210,5343.00,5371.00,780,4060874,21695642476.00,5222.00,5398.00,5236.00,5275.00
67126881188552864,20190212,5357.00,5309.00,614,4325899,23175741321.00,5260.00,5465.00,5343.00,5380.00
67126881188552864,20190213,5216.00,5300.00,817,4407382,22989453839.00,5180.00,5350.00,5357.00,5256.00
67126881188552864,20190216,5177.00,5180.00,698,3507053,18157000012.00,5154.00,5300.00,5216.00,5300.00
67126881188552864,20190217,5044.00,5070.00,1282,7413867,37396528700.00,4951.00,5200.00,5177.00,5200.00
67126881188552864,20190218,5164.00,5175.00,1540,8916698,46045274473.00,5000.00,5286.00,5044.00,5000.00
67126881188552864,20190219,5139.00,5120.00,1108,4555827,23413991139.00,5035.00,5286.00,5164.00,5235.00
67126881188552864,20190220,5090.00,5099.00,917,4919424,25040143117.00,5063.00,5150.00,5139.00,5121.00
67126881188552864,20190223,5229.00,5160.00,1170,8837496,46209898545.00,5130.00,5340.00,5090.00,5130.00
67126881188552864,20190224,5140.00,5100.00,1211,7173225,36866969303.00,5050.00,5261.00,5229.00,5230.00
67126881188552864,20190225,5088.00,5070.00,923,4437158,22577391683.00,5050.00,5149.00,5140.00,5140.00
67126881188552864,20190226,4999.00,4999.00,1202,6881770,34402170263.00,4922.00,5049.00,5088.00,5000.00
67126881188552864,20190227,5094.00,5060.00,756,3443224,17538800804.00,5000.00,5129.00,4999.00,5050.00
67126881188552864,20190302,5017.00,5048.00,730,2837256,14234272929.00,4998.00,5080.00,5094.00,5080.00
67126881188552864,20190303,4989.00,4990.00,1125,4746967,23681190484.00,4930.00,5099.00,5017.00,5013.00
67126881188552864,20190304,4978.00,4948.00,1039,6383149,31776016201.00,4936.00,5086.00,4989.00,4997.00
67126881188552864,20190305,4906.00,4926.00,696,2990349,14670119558.00,4878.00,4983.00,4978.00,4983.00
67126881188552864,20190306,5004.00,5028.00,931,6230231,31174143299.00,4907.00,5049.00,4906.00,4935.00
67126881188552864,20190309,5017.00,4973.00,653,3739191,18757889403.00,4950.00,5100.00,5004.00,5048.00
67126881188552864,20190310,4973.00,4951.00,1011,4951374,24623172656.00,4920.00,5038.00,5017.00,5000.00
67126881188552864,20190311,5017.00,4970.00,1590,10517566,52770565338.00,4930.00,5080.00,4973.00,4970.00
67126881188552864,20190312,4942.00,4945.00,1530,12021299,59411149747.00,4897.00,5040.00,5017.00,5040.00
67126881188552864,20190313,4942.00,4945.00,0,0,0.00,0.00,0.00,4942.00,0.00
67126881188552864,20190316,4942.00,4945.00,0,0,0.00,0.00,0.00,4942.00,0.00
67126881188552864,20190317,3661.00,3663.00,0,0,0.00,0.00,0.00,3661.00,0.00
67126881188552864,20190318,3661.00,3663.00,0,0,0.00,0.00,0.00,3661.00,0.00
67126881188552864,20190319,3922.00,3900.00,1160,14186436,55645668669.00,3890.00,3991.00,3661.00,3990.00
67126881188552864,20190325,4112.00,4118.00,887,15405509,63340999112.00,3951.00,4118.00,3922.00,4000.00
67126881188552864,20190326,4317.00,4317.00,1670,37698604,162736462333.00,4252.00,4317.00,4112.00,4317.00
67126881188552864,20190327,4291.00,4300.00,3049,17543479,75275131352.00,4230.00,4398.00,4317.00,4398.00
67126881188552864,20190330,4323.00,4348.00,1658,10729656,46380167755.00,4290.00,4350.00,4291.00,4312.00
67126881188552864,20190331,4300.00,4287.00,1619,11550382,49670312438.00,4191.00,4410.00,4323.00,4410.00
67126881188552864,20190406,4215.00,4200.00,1843,10824521,45629140120.00,4151.00,4270.00,4300.00,4270.00
67126881188552864,20190407,4314.00,4270.00,1930,14780361,63762053977.00,4220.00,4369.00,4215.00,4229.00
67126881188552864,20190408,4429.00,4529.00,2319,29717461,131621785377.00,4204.00,4529.00,4314.00,4225.00
67126881188552864,20190409,4631.00,4600.00,3384,42885968,198603200205.00,4460.00,4650.00,4429.00,4598.00
67126881188552864,20190410,4708.00,4771.00,2403,25689762,120937232669.00,4620.00,4850.00,4631.00,4746.00
67126881188552864,20190413,4942.00,4943.00,2437,63963325,316115238794.00,4870.00,4943.00,4708.00,4943.00
67126881188552864,20190414,5134.00,5189.00,3726,50605981,259816047163.00,4850.00,5189.00,4942.00,5020.00
67126881188552864,20190415,5388.00,5390.00,1189,28173971,151792465944.00,5300.00,5390.00,5134.00,5360.00
67126881188552864,20190416,5526.00,5301.00,5443,45016756,248746222695.00,5275.00,5657.00,5388.00,5610.00
67126881188552864,20190417,5299.00,5259.00,3663,40128753,212643364825.00,5250.00,5440.00,5526.00,5360.00
67126881188552864,20190420,5554.00,5563.00,1519,25095161,139371904545.00,5300.00,5563.00,5299.00,5300.00
67126881188552864,20190422,5399.00,5340.00,3292,30606680,165230411508.00,5277.00,5696.00,5554.00,5696.00
67126881188552864,20190423,5277.00,5175.00,1726,12693430,66984753502.00,5175.00,5406.00,5399.00,5290.00
67126881188552864,20190424,5333.00,5324.00,1433,10950872,58398382521.00,5200.00,5385.00,5277.00,5210.00
67126881188552864,20190427,5549.00,5599.00,1457,16012167,88856371030.00,5329.00,5599.00,5333.00,5399.00
67126881188552864,20190428,5825.00,5826.00,3275,77728432,452747794977.00,5700.00,5826.00,5549.00,5824.00
67126881188552864,20190429,6101.00,6116.00,1043,16806490,102541075464.00,6050.00,6116.00,5825.00,6080.00
67126881188552864,20190430,6366.00,6406.00,2754,52182061,332175889350.00,6152.00,6406.00,6101.00,6406.00
67126881188552864,20190501,6669.00,6684.00,4548,61484842,410064414539.00,6561.00,6684.00,6366.00,6561.00
67126881188552864,20190504,6839.00,6850.00,5079,41881667,286441720006.00,6554.00,7002.00,6669.00,6800.00
67126881188552864,20190505,6580.00,6498.00,5529,61452078,404330003320.00,6498.00,6855.00,6839.00,6855.00
67126881188552864,20190506,6286.00,6251.00,3593,50218437,315653439873.00,6251.00,6577.00,6580.00,6350.00
67126881188552864,20190507,6010.00,6140.00,3311,38279090,230075802020.00,5972.00,6300.00,6286.00,6300.00
67126881188552864,20190508,6265.00,6310.00,3159,53758614,336811195781.00,6011.00,6310.00,6010.00,6180.00
67126881188552864,20190511,6474.00,6380.00,3868,46642611,301980677035.00,6210.00,6578.00,6265.00,6400.00
67126881188552864,20190512,6167.00,6151.00,2317,33705775,207854923122.00,6151.00,6450.00,6474.00,6400.00
67126881188552864,20190513,6313.00,6468.00,1689,14339622,90531428101.00,6167.00,6469.00,6167.00,6170.00
67126881188552864,20190514,6358.00,6320.00,3992,37950233,241279550628.00,6135.00,6550.00,6313.00,6292.00
67126881188552864,20190515,6219.00,6200.00,2336,18639892,115912957814.00,6162.00,6420.00,6358.00,6359.00
67126881188552864,20190518,6222.00,6158.00,2139,19112408,118909430166.00,6131.00,6400.00,6219.00,6200.00
67126881188552864,20190519,6044.00,6003.00,2596,25880649,156433899911.00,5999.00,6175.00,6222.00,6129.00
67126881188552864,20190520,5870.00,5827.00,2253,19300333,113302083434.00,5790.00,6089.00,6044.00,5999.00
67126881188552864,20190521,5873.00,5764.00,1840,9983652,58636522858.00,5740.00,5980.00,5870.00,5740.00
67126881188552864,20190522,5870.00,5902.00,1792,17100546,100382094851.00,5800.00,5960.00,5873.00,5898.00
67126881188552864,20190525,5883.00,5886.00,1162,7059650,41532126738.00,5815.00,5990.00,5870.00,5950.00
67126881188552864,20190526,6073.00,6070.00,2046,11912448,72343240519.00,5887.00,6170.00,5883.00,5930.00
67126881188552864,20190528,6221.00,6190.00,2233,23519967,146313749616.00,6170.00,6370.00,6073.00,6200.00
67126881188552864,20190529,6121.00,6103.00,1497,11182251,68441870726.00,6090.00,6250.00,6221.00,6250.00
67126881188552864,20190601,5948.00,5950.00,1379,9775870,58146250911.00,5880.00,6066.00,6121.00,6066.00
67126881188552864,20190602,6007.00,6002.00,1509,16747737,100606525504.00,5955.00,6050.00,5948.00,5955.00
67126881188552864,20190603,6047.00,6122.00,1952,22597218,136650063094.00,5960.00,6200.00,6007.00,6049.00
67126881188552864,20190608,6007.00,5989.00,1612,12463082,74867748529.00,5920.00,6165.00,6047.00,6081.00
67126881188552864,20190609,6216.00,6307.00,2851,41281303,256624670906.00,6001.00,6307.00,6007.00,6010.00
67126881188552864,20190610,6524.00,6526.00,1456,32877930,214511042816.00,6477.00,6526.00,6216.00,6520.00
67126881188552864,20190611,6752.00,6820.00,3870,40377485,272643206976.00,6602.00,6847.00,6524.00,6666.00
67126881188552864,20190612,7061.00,7089.00,1841,36036141,254448331003.00,6845.00,7089.00,6752.00,6845.00
67126881188552864,20190615,7335.00,7230.00,3210,52858300,387693659747.00,6820.00,7414.00,7061.00,7000.00
67126881188552864,20190616,7218.00,7030.00,3536,39629008,286055124021.00,7010.00,7650.00,7335.00,7398.00
67126881188552864,20190617,7349.00,7340.00,2505,18074016,132823367017.00,7000.00,7534.00,7218.00,7002.00
67126881188552864,20190618,7140.00,7070.00,2149,26760736,191064652662.00,7000.00,7450.00,7349.00,7396.00
67126881188552864,20190619,6977.00,7008.00,1613,18572859,129573945353.00,6850.00,7150.00,7140.00,7150.00
67126881188552864,20190622,6828.00,6800.00,1520,19984021,136454649506.00,6641.00,6997.00,6977.00,6641.00
67126881188552864,20190623,6943.00,6969.00,1336,9506181,65998484169.00,6802.00,7100.00,6828.00,6802.00
67126881188552864,20190624,7157.00,7195.00,1328,11148050,79787637387.00,6944.00,7286.00,6943.00,6944.00
67126881188552864,20190625,7126.00,7150.00,1239,14914291,106273292114.00,7022.00,7249.00,7157.00,7157.00
67126881188552864,20190626,7206.00,7201.00,1573,18019573,129845179399.00,7087.00,7400.00,7126.00,7200.00
67126881188552864,20190630,7016.00,6930.00,1457,10218233,71692943670.00,6899.00,7231.00,7206.00,7200.00
67126881188552864,20190701,6956.00,6990.00,996,9364114,65134729619.00,6900.00,7016.00,7016.00,7000.00
67126881188552864,20190702,7012.00,7020.00,1231,11879808,83297621677.00,7000.00,7175.00,6956.00,7003.00
67126881188552864,20190703,7147.00,7161.00,1206,10503328,75068004647.00,7033.00,7240.00,7012.00,7090.00
67126881188552864,20190706,6960.00,6900.00,1384,17087581,118929645856.00,6866.00,7200.00,7147.00,7200.00
67126881188552864,20190707,6929.00,6875.00,932,8131550,56339922068.00,6858.00,7099.00,6960.00,6900.00
67126881188552864,20190708,6905.00,6860.00,1217,11448738,79056499665.00,6860.00,7001.00,6929.00,6999.00
67126881188552864,20190709,6830.00,6833.00,1133,9165065,62600901077.00,6750.00,6920.00,6905.00,6828.00
67126881188552864,20190710,7125.00,7171.00,1799,25431882,181207827116.00,6852.00,7171.00,6830.00,6852.00
67126881188552864,20190713,7125.00,7171.00,0,0,0.00,0.00,0.00,7125.00,0.00
67126881188552864,20190714,7464.00,7580.00,1761,25476393,190166813105.00,7301.00,7600.00,7125.00,7390.00
67126881188552864,20190715,7715.00,7500.00,3626,28254789,217989005207.00,7450.00,7837.00,7464.00,7759.00
67126881188552864,20190716,7337.00,7330.00,1179,26712598,195981942555.00,7330.00,7500.00,7715.00,7420.00
67126881188552864,20190717,7282.00,7251.00,1771,19422271,141425953802.00,7050.00,7397.00,7337.00,7050.00
67126881188552864,20190720,7343.00,7240.00,1536,12303317,90343181546.00,7200.00,7630.00,7282.00,7310.00
67126881188552864,20190721,7225.00,7180.00,1372,10866066,78506245225.00,7170.00,7419.00,7343.00,7343.00
67126881188552864,20190722,7238.00,7200.00,1277,10596035,76690002918.00,7180.00,7440.00,7225.00,7283.00
67126881188552864,20190723,7214.00,7200.00,752,5502680,39696204920.00,7150.00,7386.00,7238.00,7386.00
67126881188552864,20190724,7316.00,7300.00,1353,10823483,79183074010.00,7280.00,7380.00,7214.00,7339.00
67126881188552864,20190727,7206.00,7200.00,900,4834021,34836192149.00,7158.00,7369.00,7316.00,7360.00
67126881188552864,20190728,7123.00,7121.00,852,5154414,36715799686.00,7090.00,7200.00,7206.00,7090.00
67126881188552864,20190729,7092.00,7110.00,666,6262082,44411137856.00,7010.00,7150.00,7123.00,7123.00
67126881188552864,20190730,7170.00,7201.00,665,5238431,37559380128.00,7023.00,7244.00,7092.00,7146.00
67126881188552864,20190731,7219.00,7302.00,854,7402691,53440207206.00,7135.00,7350.00,7170.00,7197.00
67126881188552864,20190803,7510.00,7579.00,1799,22183685,166604158623.00,7202.00,7579.00,7219.00,7369.00
67126881188552864,20190804,7696.00,7550.00,2085,18717099,144045567492.00,7532.00,7868.00,7510.00,7601.00
67126881188552864,20190805,7673.00,7785.00,1416,9107700,69883261451.00,7444.00,7786.00,7696.00,7698.00
67126881188552864,20190806,8051.00,8056.00,3115,62291372,501534387936.00,7720.00,8056.00,7673.00,7720.00
67126881188552864,20190807,8254.00,8150.00,2178,21921733,180938960226.00,8101.00,8350.00,8051.00,8225.00
67126881188552864,20190810,8623.00,8666.00,2801,32190172,277576268349.00,8103.00,8666.00,8254.00,8103.00
67126881188552864,20190811,8652.00,8577.00,2129,9659758,83580478480.00,8481.00,8821.00,8623.00,8799.00
67126881188552864,20190813,8517.00,8629.00,2112,13700071,116683499389.00,8401.00,8678.00,8652.00,8510.00
67126881188552864,20190814,8558.00,8310.00,1700,13349743,114249576065.00,8310.00,8738.00,8517.00,8597.00
67126881188552864,20190817,8330.00,8280.00,1903,15402841,128300807209.00,8248.00,8550.00,8558.00,8360.00
67126881188552864,20190818,8206.00,8139.00,1591,11636130,95483604363.00,8131.00,8397.00,8330.00,8397.00
67126881188552864,20190819,8180.00,8240.00,2141,15904231,130101257254.00,8065.00,8299.00,8206.00,8150.00
67126881188552864,20190821,8180.00,8240.00,0,0,0.00,0.00,0.00,8180.00,0.00
67126881188552864,20190824,8180.00,8240.00,0,0,0.00,0.00,0.00,8180.00,0.00
67126881188552864,20190825,8139.00,8250.00,560,4752252,38676858047.00,8025.00,8289.00,8060.00,8025.00
67126881188552864,20190826,8520.00,8545.00,712,12895792,109877332392.00,8180.00,8545.00,8139.00,8180.00
67126881188552864,20190827,8929.00,8630.00,2779,52877680,472151003553.00,8600.00,8946.00,8520.00,8946.00
67126881188552864,20190828,8854.00,8895.00,1825,17867059,158191973847.00,8600.00,8949.00,8929.00,8600.00
67126881188552864,20190831,9277.00,9290.00,2291,37977286,352325410870.00,9000.00,9296.00,8854.00,9000.00
67126881188552864,20190901,9722.00,9740.00,2680,41142466,399985479331.00,9277.00,9740.00,9277.00,9277.00
67126881188552864,20190902,9728.00,9752.00,2486,16145026,157061496389.00,9500.00,9987.00,9722.00,9948.00
67126881188552864,20190903,10137.00,10214.00,1751,20504714,207859435104.00,9802.00,10214.00,9728.00,10000.00
67126881188552864,20190904,10635.00,10643.00,945,13714598,145857737645.00,10501.00,10643.00,10137.00,10580.00
67126881188552864,20190907,11030.00,10820.00,5050,43321446,477834826767.00,10705.00,11166.00,10635.00,11120.00
67126881188552864,20190908,10767.00,10660.00,4119,28021157,301715542919.00,10555.00,11250.00,11030.00,10800.00
67126881188552864,20190911,10704.00,10720.00,3494,38738340,414651673215.00,10550.00,10950.00,10767.00,10767.00
67126881188552864,20190914,10676.00,10400.00,3011,17574089,187625653787.00,10270.00,11100.00,10704.00,10584.00
67126881188552864,20190915,10190.00,10279.00,4128,34389048,350428245046.00,10143.00,10490.00,10676.00,10490.00
67126881188552864,20190916,10291.00,10170.00,3019,46393002,477427187933.00,10000.00,10398.00,10190.00,10350.00
67126881188552864,20190917,10153.00,10100.00,1987,16102435,163480954091.00,10000.00,10379.00,10291.00,10175.00
67126881188552864,20190918,9896.00,9999.00,1640,11989064,118639495051.00,9750.00,10251.00,10153.00,10251.00
67126881188552864,20190921,10296.00,10350.00,1891,16247116,167272880598.00,9820.00,10390.00,9896.00,9820.00
67126881188552864,20190922,10606.00,10697.00,1863,10712321,113619567637.00,10223.00,10718.00,10296.00,10350.00
67126881188552864,20190923,11108.00,11136.00,2325,20858357,231685786779.00,10760.00,11136.00,10606.00,10760.00
67126881188552864,20190924,10918.00,10900.00,1845,8567340,93534463863.00,10697.00,11330.00,11108.00,11197.00
67126881188552864,20190925,10865.00,10959.00,1600,7394006,80338692747.00,10699.00,11010.00,10918.00,10795.00
67126881188552864,20190928,10938.00,10938.00,1866,11250187,123049859069.00,10789.00,11222.00,10865.00,11074.00
67126881188552864,20190929,10487.00,10710.00,2522,18425084,193232399258.00,10392.00,10940.00,10938.00,10940.00
67126881188552864,20190930,10915.00,11000.00,2612,22480883,245384585525.00,10501.00,11011.00,10487.00,10700.00
67126881188552864,20191001,10846.00,10451.00,2076,14989357,162567910041.00,10401.00,11150.00,10915.00,11010.00
67126881188552864,20191002,10505.00,10400.00,1365,6292663,66105791495.00,10310.00,10740.00,10846.00,10740.00
67126881188552864,20191005,10517.00,10500.00,1379,7650546,80463904317.00,10300.00,10778.00,10505.00,10778.00
67126881188552864,20191006,10068.00,10151.00,1761,11903100,119843839536.00,9992.00,10360.00,10517.00,10300.00
67126881188552864,20191007,10003.00,9956.00,1561,7882823,78851097783.00,9603.00,10388.00,10068.00,10300.00
67126881188552864,20191008,9564.00,9503.00,1461,12040004,115148325730.00,9503.00,10000.00,10003.00,10000.00
67126881188552864,20191009,9371.00,9669.00,1664,12762183,119594027620.00,9150.00,9856.00,9564.00,9260.00
67126881188552864,20191012,9448.00,9488.00,1502,7487809,70747761020.00,9284.00,9817.00,9371.00,9817.00
67126881188552864,20191013,9331.00,9188.00,1340,7101468,66264922810.00,9157.00,9706.00,9448.00,9706.00
67126881188552864,20191014,8898.00,8865.00,1983,19638546,174737270454.00,8865.00,9435.00,9331.00,9435.00
67126881188552864,20191015,8499.00,8454.00,1766,15054669,127947332546.00,8454.00,9147.00,8898.00,8800.00
67126881188552864,20191016,8672.00,8680.00,1317,6774823,58749412396.00,8350.00,8900.00,8499.00,8751.00
67126881188552864,20191020,8297.00,8239.00,1408,16439474,136402746796.00,8239.00,8920.00,8672.00,8600.00
67126881188552864,20191021,8336.00,8572.00,1333,7790318,64940703828.00,7999.00,8590.00,8297.00,7999.00
67126881188552864,20191022,8649.00,8559.00,1491,9914375,85748186261.00,8340.00,8752.00,8336.00,8630.00
67126881188552864,20191023,8535.00,8680.00,737,3908286,33359133476.00,8400.00,8798.00,8649.00,8749.00
67126881188552864,20191026,8507.00,8535.00,621,4025586,34245868404.00,8434.00,8793.00,8535.00,8682.00
67126881188552864,20191028,8644.00,8650.00,789,3396670,29359242704.00,8570.00,8756.00,8507.00,8599.00
67126881188552864,20191030,8849.00,8900.00,1325,6929651,61323935541.00,8705.00,8990.00,8644.00,8800.00
67126881188552864,20191102,8822.00,8797.00,1090,3698112,32625715217.00,8428.00,9105.00,8850.00,9075.00
67126881188552864,20191103,8798.00,8779.00,1232,7748497,68168360286.00,8600.00,8958.00,8822.00,8820.00
67126881188552864,20191104,8607.00,8485.00,870,4271485,36763285768.00,8426.00,8970.00,8798.00,8970.00
67126881188552864,20191105,8615.00,8590.00,742,4745434,40879927420.00,8429.00,8879.00,8607.00,8507.00
67126881188552864,20191109,8718.00,8719.00,735,3961524,34536481810.00,8600.00,8800.00,8615.00,8700.00
67126881188552864,20191110,8704.00,8718.00,598,2104900,18320381295.00,8620.00,8886.00,8718.00,8770.00
67126881188552864,20191111,8826.00,8880.00,753,4277770,37754890294.00,8651.00,8880.00,8704.00,8838.00
67126881188552864,20191112,9068.00,9045.00,1064,3812344,34571888933.00,8888.00,9189.00,8826.00,8888.00
67126881188552864,20191113,9241.00,9249.00,1027,3374291,31183071590.00,9078.00,9330.00,9068.00,9100.00
67126881188552864,20191116,9295.00,9200.00,1066,3962326,36830012476.00,9100.00,9488.00,9241.00,9300.00
67126881188552864,20191117,9078.00,8904.00,799,6276668,56977569510.00,8852.00,9289.00,9295.00,8852.00
67126881188552864,20191118,9023.00,8979.00,730,4554765,41097464878.00,8777.00,9249.00,9078.00,9000.00
67126881188552864,20191119,9093.00,9144.00,631,3857637,35076214818.00,8863.00,9200.00,9023.00,8863.00
67126881188552864,20191120,9088.00,9080.00,489,1370754,12457599891.00,9000.00,9200.00,9093.00,9200.00
67126881188552864,20191123,9133.00,9116.00,687,4409109,40269508575.00,9088.00,9199.00,9088.00,9101.00
67126881188552864,20191124,9094.00,9098.00,697,4814381,43782634300.00,8941.00,9190.00,9133.00,9076.00
67126881188552864,20191125,9008.00,9094.00,1374,7049323,63503000698.00,8951.00,9099.00,9094.00,8980.00
67126881188552864,20191126,9008.00,9094.00,0,0,0.00,0.00,0.00,9008.00,0.00
67126881188552864,20191127,9446.00,9498.00,2690,15989023,151028655565.00,9251.00,9650.00,9008.00,9480.00
67126881188552864,20191130,9905.00,9918.00,3738,69914642,692491603276.00,9660.00,9918.00,9446.00,9660.00
67126881188552864,20191201,10178.00,10100.00,3813,27399811,278864398134.00,10001.00,10370.00,9905.00,10370.00
67126881188552864,20191202,10220.00,10210.00,2652,22695163,231947257722.00,9900.00,10471.00,10178.00,10200.00
67126881188552864,20191203,10484.00,10701.00,3446,30667799,321510571046.00,10001.00,10731.00,10220.00,10100.00
67126881188552864,20191204,10892.00,11008.00,3359,27852588,303368663426.00,10650.00,11008.00,10484.00,10800.00
67126881188552864,20191207,11426.00,11400.00,4467,44496442,508437597539.00,11052.00,11436.00,10892.00,11170.00
67126881188552864,20191208,11338.00,11321.00,3557,19898484,225610615944.00,11020.00,11589.00,11426.00,11530.00
67126881188552864,20191209,10865.00,10772.00,4593,30177500,327882734939.00,10772.00,11390.00,11338.00,11390.00
67126881188552864,20191210,10594.00,10510.00,4258,29434851,311826130429.00,10450.00,10960.00,10865.00,10689.00
67126881188552864,20191211,11007.00,11123.00,4186,47801094,526132229488.00,10400.00,11123.00,10594.00,10688.00
67126881188552864,20191214,11207.00,11150.00,2242,12702068,142354496446.00,11021.00,11389.00,11007.00,11389.00
67126881188552864,20191215,10955.00,10894.00,2602,14430174,158080200892.00,10783.00,11169.00,11207.00,11160.00
67126881188552864,20191216,10749.00,10660.00,1860,10669587,114689778662.00,10647.00,10890.00,10955.00,10890.00
67126881188552864,20191217,10567.00,10700.00,3007,21395523,226095146465.00,10466.00,10730.00,10749.00,10730.00
67126881188552864,20191218,10567.00,10700.00,0,0,0.00,0.00,0.00,10567.00,0.00
67126881188552864,20191221,10567.00,10700.00,0,0,0.00,0.00,0.00,10567.00,0.00
67126881188552864,20191222,10567.00,10700.00,0,0,0.00,0.00,0.00,10567.00,0.00
67126881188552864,20191223,10515.00,10500.00,857,5566580,58531195483.00,10165.00,10699.00,10567.00,10699.00
67126881188552864,20191224,10510.00,10500.00,1568,7507560,78901412503.00,10310.00,10710.00,10515.00,10310.00
67126881188552864,20191225,10578.00,10800.00,2079,13349948,141215404820.00,10321.00,10825.00,10510.00,10600.00
67126881188552864,20191228,11094.00,11106.00,1997,27564624,305802203752.00,10799.00,11106.00,10578.00,10800.00
67126881188552864,20191229,11056.00,10930.00,2071,8894071,98330293670.00,10801.00,11300.00,11094.00,11299.00
67126881188552864,20191230,11567.00,11608.00,4811,51702463,598032606339.00,10951.00,11608.00,11056.00,10951.00
67126881188552864,20191231,11938.00,11920.00,5575,35437828,423055887328.00,11111.00,12145.00,11567.00,11900.00
67126881188552864,20200101,12190.00,11922.00,4002,17015593,207413891241.00,11700.00,12420.00,11938.00,11940.00
67126881188552864,20200104,11581.00,11581.00,610,11373462,131716063422.00,11581.00,11581.00,12190.00,11581.00
67126881188552864,20200105,11004.00,11002.00,4446,91827900,1010454391634.00,11002.00,11250.00,11581.00,11002.00
67126881188552864,20200107,10620.00,10454.00,2095,23993384,254818456907.00,10454.00,11300.00,11004.00,10701.00
67126881188552864,20200108,10412.00,10444.00,2150,42896878,446654181377.00,10408.00,10650.00,10620.00,10408.00
67126881188552864,20200111,10620.00,10620.00,115,2417568,25674572160.00,10620.00,10620.00,10412.00,10620.00
67126881188552864,20200112,11151.00,11151.00,2364,37404735,417088856719.00,11102.00,11151.00,10620.00,11151.00
67126881188552864,20200113,11478.00,11516.00,1980,12474086,143179004420.00,11100.00,11692.00,11151.00,11398.00
67126881188552864,20200114,11564.00,11520.00,1646,11736769,135725292465.00,11281.00,11798.00,11478.00,11500.00
67126881188552864,20200115,11707.00,11750.00,2061,23136494,270869804119.00,11500.00,11950.00,11564.00,11657.00
67126881188552864,20200118,12287.00,12292.00,5401,98972956,1216075161147.00,11879.00,12292.00,11707.00,11879.00
67126881188552864,20200119,12387.00,12287.00,3447,19802521,245292726000.00,12000.00,12600.00,12287.00,12490.00
67126881188552864,20200120,12116.00,12200.00,3237,26856307,325391321786.00,11985.00,12340.00,12387.00,12199.00
67126881188552864,20200121,12155.00,12158.00,2185,29453645,358016303433.00,12022.00,12270.00,12116.00,12270.00
67126881188552864,20200122,12676.00,12762.00,5118,76252920,966564407689.00,12000.00,12762.00,12155.00,12005.00
67126881188552864,20200125,13209.00,13309.00,6413,70424820,930216329683.00,12944.00,13309.00,12676.00,13200.00
67126881188552864,20200126,13223.00,12922.00,4508,22341277,295415175236.00,12850.00,13780.00,13209.00,13780.00
67126881188552864,20200127,12977.00,12992.00,3065,19625608,254673125373.00,12600.00,13130.00,13223.00,12981.00
67126881188552864,20200128,13129.00,12900.00,3059,23832465,312896616221.00,12900.00,13350.00,12977.00,12950.00
67126881188552864,20200201,13236.00,12922.00,3070,21058453,278730628669.00,12900.00,13680.00,13129.00,13220.00
67126881188552864,20200202,12912.00,12900.00,2780,17490008,225835707890.00,12630.00,13020.00,13236.00,12630.00
67126881188552864,20200203,13531.00,13557.00,4008,70646957,955919523442.00,13007.00,13557.00,12912.00,13007.00
67126881188552864,20200204,14126.00,13980.00,6045,68385117,966022794214.00,13600.00,14207.00,13531.00,14000.00
67126881188552864,20200205,14226.00,14333.00,2986,20490608,291496695515.00,13700.00,14590.00,14126.00,13999.00
67126881188552864,20200208,14490.00,14052.00,3633,29921946,433564801245.00,13900.00,14790.00,14226.00,14500.00
67126881188552864,20200209,14490.00,14052.00,0,0,0.00,0.00,0.00,14490.00,0.00
67126881188552864,20200210,14490.00,14052.00,0,0,0.00,0.00,0.00,14490.00,13500.00
67126881188552864,20200212,14675.00,14399.00,4319,30326628,445050505651.00,14129.00,15226.00,14490.00,14501.00
67126881188552864,20200215,14035.00,13942.00,2405,16059608,225397966102.00,13942.00,14496.00,14675.00,14495.00
67126881188552864,20200216,14177.00,14077.00,4302,35333983,500921793360.00,13621.00,14650.00,14035.00,13655.00
67126881188552864,20200217,13554.00,13480.00,4504,48387528,655860746534.00,13469.00,14160.00,14177.00,13880.00
67126881188552864,20200218,13109.00,13479.00,3145,21305521,279287949895.00,12877.00,13550.00,13554.00,13282.00
67126881188552864,20200219,13455.00,13500.00,2330,14318725,192657966286.00,13206.00,13562.00,13109.00,13400.00
67126881188552864,20200222,13717.00,13900.00,2709,21808676,299147768917.00,12850.00,14109.00,13455.00,12850.00
67126881188552864,20200223,14364.00,14339.00,3223,23953316,344075738148.00,14010.00,14402.00,13717.00,14100.00
67126881188552864,20200224,14092.00,14118.00,2995,16448508,231789131704.00,13800.00,14685.00,14364.00,14685.00
67126881188552864,20200225,14440.00,14600.00,2860,15350842,221665641056.00,14001.00,14750.00,14092.00,14570.00
67126881188552864,20200226,14090.00,14010.00,2919,19669200,277138405409.00,13901.00,14570.00,14440.00,14388.00
67126881188552864,20200229,13401.00,13400.00,2982,28860750,386753804206.00,13386.00,13799.00,14090.00,13386.00
67126881188552864,20200301,13593.00,13627.00,2496,13475129,183166634706.00,13333.00,14049.00,13401.00,13333.00
67126881188552864,20200302,14076.00,14272.00,3298,28763204,404869488977.00,13645.00,14272.00,13593.00,13645.00
67126881188552864,20200303,14765.00,14779.00,3125,45158565,666772069172.00,14400.00,14779.00,14076.00,14470.00
67126881188552864,20200304,15473.00,15503.00,1319,17944510,277662196298.00,15223.00,15503.00,14765.00,15400.00
67126881188552864,20200307,15841.00,15799.00,4236,32210066,510226935676.00,15300.00,16140.00,15473.00,16050.00
67126881188552864,20200309,15209.00,15049.00,806,6242894,93994369750.00,15049.00,15390.00,15841.00,15080.00
67126881188552864,20200310,14500.00,14449.00,2190,16056546,232812352178.00,14449.00,14999.00,15209.00,14449.00
67126881188552864,20200311,14568.00,14400.00,2102,12612817,183743339568.00,14351.00,14888.00,14500.00,14610.00
67126881188552864,20200314,13343.00,13350.00,3371,22316244,297771257813.00,13148.00,13840.00,14568.00,13840.00
67126881188552864,20200315,13826.00,14007.00,3850,26928205,372312240331.00,12750.00,14010.00,13343.00,13500.00
67126881188552864,20200316,14448.00,14499.00,3543,27892325,402992365410.00,14000.00,14517.00,13826.00,14270.00
67126881188552864,20200317,14014.00,14231.00,2719,15483610,216981486721.00,13726.00,14899.00,14448.00,14800.00
67126881188552864,20200318,14699.00,14714.00,2311,34529593,507551266875.00,14300.00,14714.00,14014.00,14460.00
67126881188552864,20200324,15296.00,15433.00,2654,23850959,364829198265.00,14180.00,15433.00,14699.00,14980.00
67126881188552864,20200325,16051.00,16060.00,1364,13475084,216286205783.00,15835.00,16060.00,15296.00,16040.00
67126881188552864,20200328,16817.00,16853.00,2533,20163677,339095140459.00,16410.00,16853.00,16051.00,16800.00
67126881188552864,20200329,17570.00,17657.00,3613,23004657,404182018594.00,17001.00,17657.00,16817.00,17657.00
67126881188552864,20200330,17651.00,17800.00,4079,16517061,291544582115.00,17000.00,18000.00,17570.00,18000.00
67126881188552864,20200404,18494.00,18533.00,2811,40640800,751608135669.00,18002.00,18533.00,17651.00,18011.00
67126881188552864,20200405,18576.00,18230.00,4828,20230048,375793476314.00,18053.00,19390.00,18494.00,19370.00
67126881188552864,20200406,17844.00,17811.00,3838,19056896,340052957962.00,17648.00,18400.00,18576.00,17902.00
67126881188552864,20200407,18662.00,18736.00,2974,32954721,614999146192.00,17815.00,18736.00,17844.00,17815.00
67126881188552864,20200408,18998.00,18350.00,3067,17114176,325128748364.00,18315.00,19504.00,18662.00,19000.00
67126881188552864,20200411,18451.00,18456.00,3212,17792380,328283344251.00,18049.00,18995.00,18998.00,18321.00
67126881188552864,20200412,19151.00,19373.00,4052,32059806,613970759509.00,18123.00,19373.00,18451.00,18501.00
67126881188552864,20200413,19231.00,19150.00,2419,17691878,340225135868.00,19001.00,19943.00,19151.00,19942.00
67126881188552864,20200414,19022.00,19100.00,3274,29437519,559950685825.00,18340.00,19333.00,19231.00,18340.00
67126881188552864,20200415,19592.00,19499.00,3012,24108837,472341479726.00,19015.00,19964.00,19022.00,19288.00
67126881188552864,20200418,21066.00,21300.00,3464,41340164,870886456433.00,19900.00,21599.00,19592.00,19900.00
67126881188552864,20200419,21594.00,20750.00,5521,32590163,703745720926.00,20013.00,22080.00,21066.00,22080.00
67126881188552864,20200420,22400.00,22673.00,2828,29306373,656467918912.00,21000.00,22673.00,21594.00,21596.00
67126881188552864,20200421,23125.00,23520.00,3424,23085097,533848705235.00,22400.00,23520.00,22400.00,23000.00
67126881188552864,20200422,24234.00,24281.00,3370,27509195,666645671489.00,23588.00,24281.00,23125.00,24100.00
67126881188552864,20200425,25444.00,25445.00,2010,14635949,372400693021.00,25100.00,25445.00,24234.00,25445.00
67126881188552864,20200426,26302.00,26400.00,7766,37995286,999369609772.00,25501.00,26716.00,25444.00,26716.00
67126881188552864,20200427,26341.00,26200.00,4953,17120852,450981229947.00,25500.00,26850.00,26302.00,26749.00
67126881188552864,20200428,26465.00,27000.00,5601,33560221,888170387261.00,25900.00,27362.00,26341.00,26750.00
67126881188552864,20200429,27783.00,27788.00,5190,58732944,1631788203726.00,27100.00,27788.00,26465.00,27550.00
67126881188552864,20200502,29171.00,29172.00,3901,38732196,1129872202904.00,29000.00,29172.00,27783.00,29172.00
67126881188552864,20200503,30629.00,30598.00,7476,49744520,1523604022150.00,30531.00,30629.00,29171.00,30629.00
67126881188552864,20200504,29904.00,29670.00,9479,35881721,1073000108104.00,29098.00,31339.00,30629.00,31000.00
67126881188552864,20200505,28714.00,28409.00,4171,15559421,446774340836.00,28409.00,30699.00,29904.00,30699.00
67126881188552864,20200506,27399.00,27360.00,7509,46922173,1285614595475.00,27279.00,28700.00,28714.00,27279.00
67126881188552864,20200509,28745.00,28768.00,3791,38828579,1116141354055.00,28000.00,28768.00,27399.00,28338.00
67126881188552864,20200510,29995.00,29777.00,7611,54718607,1641282283436.00,28800.00,30182.00,28745.00,30100.00
67126881188552864,20200511,28655.00,28496.00,2761,16555626,474396491392.00,28496.00,30595.00,29995.00,30595.00
67126881188552864,20200512,27223.00,27223.00,740,4590526,124967889298.00,27223.00,27223.00,28655.00,27223.00
67126881188552864,20200513,26216.00,25862.00,7563,45367977,1189347796390.00,25862.00,28000.00,27223.00,25862.00
67126881188552864,20200516,24224.00,24100.00,4516,17332863,419871102154.00,23661.00,24906.00,26216.00,24906.00
67126881188552864,20200517,25111.00,25435.00,5177,25842585,648925171020.00,23500.00,25435.00,24224.00,23500.00
67126881188552864,20200518,26355.00,26366.00,3656,21352083,562730477490.00,25464.00,26366.00,25111.00,26366.00
67126881188552864,20200519,27440.00,27672.00,4567,19621168,538408813278.00,26000.00,27672.00,26355.00,27670.00
67126881188552864,20200520,26698.00,26155.00,3990,16066363,428939511270.00,26068.00,28400.00,27440.00,27700.00
67126881188552864,20200523,25369.00,25364.00,1603,7725342,195985312398.00,25364.00,25700.00,26698.00,25364.00
67126881188552864,20200526,24150.00,24101.00,1699,6399986,154559000000.00,24101.00,25364.00,25156.00,24101.00
67126881188552864,20200527,24171.00,24997.00,3038,15124136,365568737858.00,22943.00,25357.00,24150.00,22943.00
67126881188552864,20200530,25365.00,25379.00,2128,11622083,294793582471.00,25000.00,25379.00,24171.00,25180.00
67126881188552864,20200531,24207.00,24300.00,2750,13812856,334363360738.00,24097.00,25940.00,25365.00,25940.00
67126881188552864,20200601,24388.00,24000.00,2159,6148667,149952452252.00,23500.00,25005.00,24207.00,24495.00
67126881188552864,20200602,25511.00,25606.00,3296,20665683,527206814261.00,24300.00,25607.00,24388.00,24400.00
67126881188552864,20200606,26639.00,26786.00,1691,17652175,470244467245.00,25456.00,26786.00,25511.00,25456.00
67126881188552864,20200607,27969.00,27960.00,3226,28545218,798389510059.00,27857.00,27970.00,26639.00,27970.00
67126881188552864,20200608,28262.00,27210.00,4577,19285967,545054465183.00,26571.00,29367.00,27969.00,29367.00
67126881188552864,20200609,28105.00,27901.00,3798,15003955,421687284846.00,27213.00,28799.00,28262.00,27746.00
67126881188552864,20200610,29473.00,29510.00,4836,22460281,661968903790.00,28105.00,29510.00,28105.00,28480.00
67126881188552864,20200613,30700.00,30300.00,5679,23556676,723259107910.00,29600.00,30940.00,29473.00,29670.00
67126881188552864,20200614,29590.00,30010.00,4607,19664121,581768363830.00,29170.00,30950.00,30700.00,30950.00
67126881188552864,20200615,28610.00,28370.00,5199,19913237,569716003450.00,28120.00,29690.00,29590.00,29600.00
67126881188552864,20200616,29960.00,30040.00,4818,65483480,1961837785830.00,28100.00,30040.00,28610.00,28100.00
67126881188552864,20200620,31450.00,31450.00,3720,35206296,1107213260180.00,31000.00,31450.00,29960.00,31450.00
67126881188552864,20200621,33020.00,33020.00,3392,29505018,974216936210.00,32500.00,33020.00,31450.00,33020.00
67126881188552864,20200622,34460.00,34670.00,651,3485875,120855286250.00,34670.00,34670.00,33020.00,34670.00
67126881188552864,20200623,36180.00,36180.00,784,5208857,188456446260.00,36180.00,36180.00,34460.00,36180.00
67126881188552864,20200624,36610.00,37980.00,218,959327,36435239460.00,37980.00,37980.00,36180.00,37980.00
67126881188552864,20200627,36610.00,37980.00,0,0,0.00,0.00,0.00,36610.00,0.00
67126881188552864,20200628,36610.00,37980.00,0,0,0.00,0.00,0.00,36610.00,0.00
67126881188552864,20200629,38440.00,38440.00,1812,24523888,942698254720.00,38440.00,38440.00,36610.00,38440.00
67126881188552864,20200630,40360.00,40360.00,952,10894056,439684100160.00,40360.00,40360.00,38440.00,40360.00
67126881188552864,20200701,42370.00,42370.00,798,3762670,159424327900.00,42370.00,42370.00,40360.00,42370.00
67126881188552864,20200704,44450.00,44480.00,11356,139987167,6222647068020.00,42370.00,44480.00,42370.00,44480.00
67126881188552864,20200705,45790.00,46670.00,5901,43481379,1991069918610.00,44010.00,46670.00,44450.00,44480.00
67126881188552864,20200706,48070.00,48070.00,822,13003074,625057767180.00,48070.00,48070.00,45790.00,48070.00
67126881188552864,20200707,50460.00,50470.00,7174,55023431,2776625023880.00,49100.00,50470.00,48070.00,50470.00
67126881188552864,20200708,51410.00,48550.00,29737,102492181,5269442565800.00,47940.00,52980.00,50460.00,52980.00
67126881188552864,20200711,49640.00,49900.00,10048,38688521,1920680881470.00,48840.00,53980.00,51410.00,48840.00
67126881188552864,20200712,50310.00,47160.00,20828,66003827,3320526383400.00,47160.00,52120.00,49640.00,51300.00
67126881188552864,20200713,47870.00,47800.00,8598,54636472,2615237905370.00,47800.00,48700.00,50310.00,47800.00
67126881188552864,20200714,46000.00,45480.00,9145,35491822,1632519227100.00,45480.00,47500.00,47870.00,47380.00
67126881188552864,20200715,43930.00,43700.00,12295,61836306,2716726831860.00,43700.00,45990.00,46000.00,43700.00
67126881188552864,20200718,44380.00,44300.00,12363,33762398,1498238316510.00,41900.00,46000.00,43930.00,42000.00
67126881188552864,20200719,46570.00,46590.00,2622,29519618,1374643580290.00,45990.00,46590.00,44380.00,46000.00
67126881188552864,20200720,48870.00,48890.00,5706,46740832,2284345271410.00,45300.00,48890.00,46570.00,48890.00
67126881188552864,20200721,50390.00,48200.00,16173,59845680,3015899576860.00,46620.00,51310.00,48870.00,46620.00
67126881188552864,20200722,48390.00,47880.00,8445,25403251,1229189052520.00,47880.00,51300.00,50390.00,48530.00
67126881188552864,20200725,50350.00,49790.00,9385,40822784,2055320924470.00,48400.00,50800.00,48390.00,48400.00
67126881188552864,20200726,48570.00,47840.00,3681,6257284,303945742650.00,47840.00,50000.00,50350.00,50000.00
67126881188552864,20200727,48570.00,47840.00,0,0,0.00,0.00,0.00,48570.00,0.00
67126881188552864,20200728,48570.00,47840.00,0,0,0.00,0.00,0.00,48570.00,0.00
67126881188552864,20200729,48570.00,47840.00,0,0,0.00,0.00,0.00,48570.00,0.00
67126881188552864,20200801,48570.00,47840.00,0,0,0.00,0.00,0.00,48570.00,0.00
67126881188552864,20200802,48570.00,47840.00,0,0,0.00,0.00,0.00,48570.00,0.00
67126881188552864,20200803,46240.00,46150.00,1300,2373932,109556961800.00,46150.00,46150.00,48570.00,46150.00
67126881188552864,20200804,44500.00,44650.00,11476,44727623,1990577561620.00,43930.00,46000.00,46240.00,43930.00
67126881188552864,20200805,46560.00,46720.00,4626,22985068,1070284899790.00,44900.00,46720.00,44500.00,44900.00
67126881188552864,20200809,48880.00,48880.00,1209,7171957,350565258160.00,48880.00,48880.00,46560.00,48880.00
67126881188552864,20200810,50440.00,48050.00,17022,91202446,4600661761710.00,47010.00,51320.00,48880.00,51280.00
67126881188552864,20200811,47980.00,47950.00,5549,35344524,1695767353410.00,47920.00,50280.00,50440.00,47930.00
67126881188552864,20200812,46200.00,45590.00,4467,31831109,1470668715750.00,45590.00,49930.00,47980.00,49790.00
67126881188552864,20200815,43890.00,43890.00,1671,12282138,539063036820.00,43890.00,43890.00,46200.00,43890.00
67126881188552864,20200816,41700.00,41700.00,1828,14235332,593613344400.00,41700.00,41700.00,43890.00,41700.00
67126881188552864,20200817,41620.00,41950.00,5314,22465591,934943085990.00,39660.00,43580.00,41700.00,42000.00
67126881188552864,20200818,42510.00,40300.00,6739,33982534,1444702379450.00,39800.00,43700.00,41620.00,43580.00
67126881188552864,20200819,42510.00,40300.00,0,0,0.00,0.00,0.00,42510.00,0.00
67126881188552864,20200822,42390.00,40390.00,169,158581,6405086590.00,40390.00,40390.00,42510.00,40390.00
67126881188552864,20200823,40280.00,40280.00,1443,25737810,1036718986800.00,40280.00,40280.00,42390.00,40280.00
67126881188552864,20200824,38270.00,38270.00,1696,15161982,580308799780.00,38270.00,38800.00,40280.00,38270.00
67126881188552864,20200825,39460.00,40180.00,4526,18721933,738841797140.00,38000.00,40180.00,38270.00,38000.00
67126881188552864,20200826,41420.00,41430.00,2022,12539035,519317806170.00,40310.00,41430.00,39460.00,41390.00
67126881188552864,20200831,39870.00,39360.00,3937,22277607,888110959460.00,39350.00,42900.00,41420.00,42500.00
67126881188552864,20200901,37880.00,37880.00,2194,20236913,766607843060.00,37880.00,38200.00,39870.00,37880.00
67126881188552864,20200902,37880.00,37880.00,0,0,0.00,0.00,0.00,37880.00,0.00
67126881188552864,20200905,36040.00,36300.00,2419,16149931,581983696560.00,35990.00,36900.00,37880.00,35990.00
67126881188552864,20200906,34660.00,34240.00,2374,12961204,449241608600.00,34240.00,36990.00,36040.00,36050.00
67126881188552864,20200907,34490.00,32930.00,176,309948,10206587640.00,32930.00,32930.00,34660.00,32930.00
67126881188552864,20200908,33380.00,32770.00,118,2039013,66818456010.00,32770.00,32770.00,34490.00,32770.00
67126881188552864,20200909,31790.00,31840.00,4412,30383349,965873916380.00,31720.00,32700.00,33380.00,31720.00
67126881188552864,20200912,31510.00,31000.00,4250,19755019,622565597900.00,30400.00,33350.00,31790.00,32000.00
67126881188552864,20200913,30030.00,29990.00,3173,21339042,640903057490.00,29940.00,31600.00,31510.00,30610.00
67126881188552864,20200914,30790.00,31530.00,3573,16050208,494193400910.00,28820.00,31530.00,30030.00,29600.00
67126881188552864,20200915,32280.00,32320.00,1885,18320241,591400517000.00,31750.00,32320.00,30790.00,31900.00
67126881188552864,20200916,32280.00,32320.00,0,0,0.00,0.00,0.00,32280.00,0.00
67126881188552864,20200919,30800.00,30670.00,1596,9533490,293645237970.00,30670.00,32260.00,32280.00,31000.00
67126881188552864,20200920,29330.00,29260.00,1525,4369351,128138786000.00,29260.00,30000.00,30800.00,29800.00
67126881188552864,20200921,27880.00,27880.00,1367,7566016,210925536930.00,27870.00,28200.00,29330.00,27870.00
67126881188552864,20200922,27280.00,27910.00,2784,9425030,257154489000.00,26490.00,28990.00,27880.00,27100.00
67126881188552864,20200923,28370.00,28300.00,2282,7091541,201204268550.00,27010.00,28640.00,27280.00,28640.00
67126881188552864,20200926,29600.00,29780.00,2803,11373525,336683441600.00,28370.00,29780.00,28370.00,29700.00
67126881188552864,20200927,29090.00,28120.00,718,1733197,49152648750.00,28120.00,29570.00,29600.00,29570.00
67126881188552864,20200928,27640.00,27640.00,1602,20978423,579849838400.00,27640.00,27920.00,29090.00,27640.00
67126881188552864,20200929,27310.00,27500.00,2840,10834851,295874774770.00,26320.00,28700.00,27640.00,26320.00
67126881188552864,20200930,27310.00,27500.00,0,0,0.00,0.00,0.00,27310.00,0.00
67126881188552864,20201003,27310.00,27500.00,0,0,0.00,0.00,0.00,27310.00,0.00
67126881188552864,20201004,27170.00,27360.00,0,0,0.00,0.00,0.00,27170.00,0.00
67126881188552864,20201005,18340.00,18470.00,0,0,0.00,0.00,0.00,18340.00,0.00
67126881188552864,20201006,18340.00,18470.00,0,0,0.00,0.00,0.00,18340.00,0.00
67126881188552864,20201007,21180.00,21360.00,3138,12620734,267245091530.00,20650.00,21500.00,18340.00,21450.00
67126881188552864,20201010,22070.00,22230.00,2349,13712572,302636516920.00,21160.00,22230.00,21180.00,21900.00
67126881188552864,20201011,23130.00,22700.00,3133,27798514,642982154300.00,22500.00,23170.00,22070.00,23170.00
67126881188552864,20201012,22610.00,22490.00,3523,15569006,352037322820.00,21980.00,23700.00,23130.00,22650.00
67126881188552864,20201013,22360.00,22880.00,2034,7470239,167033994880.00,21510.00,23260.00,22610.00,22400.00
67126881188552864,20201014,21470.00,21270.00,1980,8615404,184999123680.00,21250.00,22300.00,22360.00,22080.00
67126881188552864,20201018,20400.00,20400.00,881,5961545,121637705850.00,20400.00,21200.00,21470.00,20400.00
67126881188552864,20201019,19380.00,19380.00,469,5756996,111570582480.00,19380.00,19380.00,20400.00,19380.00
67126881188552864,20201020,18600.00,18420.00,399,4520498,83267573160.00,18420.00,18420.00,19380.00,18420.00
67126881188552864,20201021,18170.00,17730.00,1711,5433522,98637570290.00,17670.00,19300.00,18600.00,19300.00
67126881188552864,20201024,17690.00,17270.00,522,3588200,62006424950.00,17270.00,17650.00,18170.00,17280.00
67126881188552864,20201026,16860.00,16910.00,1643,15346567,258669291480.00,16810.00,17930.00,17690.00,16810.00
67126881188552864,20201027,16040.00,16020.00,678,7985613,128050058620.00,16020.00,16850.00,16860.00,16080.00
67126881188552864,20201028,15490.00,15960.00,1650,10701092,165783804710.00,15240.00,16740.00,16040.00,15240.00
67126881188552864,20201031,16200.00,16260.00,1347,8394421,136010872950.00,15520.00,16260.00,15490.00,15520.00
67126881188552864,20201101,15760.00,15390.00,1058,4791492,74216931140.00,15390.00,16630.00,16200.00,16630.00
67126881188552864,20201102,15680.00,15230.00,770,1970355,30409574300.00,14980.00,15990.00,15760.00,14980.00
67126881188552864,20201104,16390.00,16460.00,1407,10457328,171363494110.00,15200.00,16460.00,15680.00,15200.00
67126881188552864,20201107,15930.00,15580.00,669,4298505,67081326590.00,15580.00,16000.00,16390.00,15600.00
67126881188552864,20201108,15910.00,15140.00,91,141006,2134830840.00,15140.00,15140.00,15930.00,15140.00
67126881188552864,20201109,15130.00,15890.00,901,11741405,177689121060.00,15120.00,15900.00,15910.00,15120.00
67126881188552864,20201110,14770.00,14680.00,1598,12009500,177433886930.00,14380.00,15880.00,15130.00,15880.00
67126881188552864,20201111,15290.00,15400.00,1657,9639699,147344405920.00,14250.00,15500.00,14770.00,14800.00
67126881188552864,20201114,15760.00,16050.00,607,4929343,79052571390.00,15500.00,16050.00,15290.00,15700.00
67126881188552864,20201115,15780.00,15710.00,1408,6082532,95994744320.00,15160.00,16530.00,15760.00,16530.00
67126881188552864,20201116,16420.00,16560.00,1431,9474865,155553296530.00,15030.00,16560.00,15780.00,15030.00
67126881188552864,20201117,17230.00,17240.00,1129,11517581,198397106690.00,16570.00,17240.00,16420.00,16990.00
67126881188552864,20201118,18080.00,18090.00,813,13743734,248454877760.00,17540.00,18090.00,17230.00,18050.00
67126881188552864,20201121,18940.00,18600.00,2659,37116453,702818019700.00,18100.00,18980.00,18080.00,18980.00
67126881188552864,20201122,19560.00,19880.00,4631,34609471,676866670850.00,18000.00,19880.00,18940.00,18400.00
67126881188552864,20201123,19600.00,19500.00,3259,17329240,339738297370.00,18900.00,20530.00,19560.00,20090.00
67126881188552864,20201124,18760.00,18620.00,2596,20893693,391942273340.00,18620.00,19820.00,19600.00,19000.00
67126881188552864,20201125,18750.00,18600.00,1975,6657761,124808332400.00,17900.00,19350.00,18760.00,17900.00
67126881188552864,20201128,18870.00,19190.00,2080,7658556,144513745180.00,17910.00,19300.00,18750.00,17910.00
67126881188552864,20201129,19800.00,19810.00,1885,22981050,455112466480.00,19270.00,19810.00,18870.00,19440.00
67126881188552864,20201130,20220.00,20000.00,3687,17704499,358055506130.00,19600.00,20700.00,19800.00,20640.00
67126881188552864,20201201,19740.00,19410.00,2589,10085274,199110156810.00,19300.00,20450.00,20220.00,20290.00
67126881188552864,20201202,19100.00,19110.00,2759,12749579,243551672120.00,18760.00,19900.00,19740.00,19420.00
67126881188552864,20201205,19980.00,20050.00,2051,26384085,527230004910.00,18300.00,20050.00,19100.00,18300.00
67126881188552864,20201206,20960.00,20970.00,2577,29022307,608282231060.00,20300.00,20970.00,19980.00,20970.00
67126881188552864,20201207,21670.00,21190.00,5767,36118213,782645152160.00,20510.00,22000.00,20960.00,21000.00
67126881188552864,20201208,21780.00,21500.00,3375,15040382,327607711900.00,21050.00,22700.00,21670.00,21660.00
67126881188552864,20201209,21520.00,21630.00,2903,10918806,234973843970.00,20970.00,22450.00,21780.00,21080.00
67126881188552864,20201212,22380.00,21650.00,4102,16488807,368980366650.00,21640.00,22590.00,21520.00,21900.00
67126881188552864,20201213,21600.00,21270.00,2430,10194117,220176783280.00,21270.00,22200.00,22380.00,21310.00
67126881188552864,20201214,20670.00,20520.00,1961,11934172,246661703890.00,20520.00,21780.00,21600.00,21270.00
67126881188552864,20201215,19640.00,19640.00,571,5571563,109426307980.00,19640.00,19700.00,20670.00,19640.00
67126881188552864,20201216,19640.00,19640.00,0,0,0.00,0.00,0.00,19640.00,0.00
67126881188552864,20201219,19640.00,19640.00,0,0,0.00,0.00,0.00,19640.00,0.00
67126881188552864,20201220,19450.00,19120.00,1124,3957482,76579020490.00,18900.00,19590.00,19640.00,19590.00
67126881188552864,20201221,20330.00,20420.00,2895,18159869,369177327760.00,18750.00,20420.00,19450.00,19700.00
67126881188552864,20201222,20830.00,20590.00,3090,11139495,231999744510.00,20410.00,21330.00,20330.00,20570.00
67126881188552864,20201223,20620.00,20650.00,3179,9933601,204852976340.00,20010.00,21550.00,20830.00,21000.00
67126881188552864,20201226,19800.00,19590.00,3168,17681805,350016480580.00,19590.00,20620.00,20620.00,20620.00
67126881188552864,20201227,19290.00,19150.00,2397,12394715,239096697130.00,18830.00,19960.00,19800.00,19300.00
67126881188552864,20201228,19220.00,19200.00,2042,7942950,152645906790.00,18800.00,19940.00,19290.00,19290.00
67126881188552864,20201229,18510.00,18800.00,1792,6453534,119443684130.00,18260.00,19000.00,19220.00,18880.00
67126881188552864,20201230,18130.00,17700.00,2013,7941420,144003513400.00,17590.00,18860.00,18510.00,18500.00
67126881188552864,20210102,17340.00,17230.00,2135,12971913,224946392200.00,17230.00,18890.00,18130.00,17500.00
67126881188552864,20210103,17950.00,18200.00,2508,10812750,194064990260.00,16930.00,18200.00,17340.00,16930.00
67126881188552864,20210104,18330.00,17980.00,2324,7325718,134246275950.00,17760.00,18840.00,17950.00,18770.00
67126881188552864,20210105,17610.00,17420.00,1946,7342584,129300472500.00,17420.00,18200.00,18330.00,18200.00
67126881188552864,20210106,16880.00,17340.00,1955,7531483,127161327710.00,16730.00,17600.00,17610.00,17060.00
67126881188552864,20210109,16780.00,16880.00,1519,7348058,123323609850.00,16100.00,17720.00,16880.00,16830.00
67126881188552864,20210110,17560.00,17610.00,1814,12074439,211987049460.00,17000.00,17610.00,16780.00,17000.00
67126881188552864,20210111,17180.00,16820.00,1574,6429480,110229762520.00,16690.00,17880.00,17560.00,17610.00
67126881188552864,20210112,16530.00,16330.00,1216,5666214,92702859850.00,16330.00,16950.00,17180.00,16820.00
67126881188552864,20210113,16600.00,16130.00,2028,10749856,178394902870.00,16000.00,17340.00,16530.00,16000.00
67126881188552864,20210116,15800.00,15770.00,1071,7411344,117089974730.00,15770.00,16800.00,16600.00,16500.00
67126881188552864,20210118,15010.00,15010.00,1190,10637417,159713483690.00,15010.00,15460.00,15800.00,15010.00
67126881188552864,20210119,15100.00,15200.00,1312,6615412,99965818520.00,14270.00,15590.00,15010.00,14270.00
67126881188552864,20210120,15810.00,15850.00,863,6884583,109070267220.00,15200.00,15850.00,15100.00,15550.00
67126881188552864,20210123,16290.00,16600.00,747,4612856,76566324270.00,16220.00,16600.00,15810.00,16600.00
67126881188552864,20210124,16840.00,16700.00,2009,15108106,254429578440.00,15850.00,17100.00,16290.00,17100.00
67126881188552864,20210125,17540.00,17680.00,2493,23047407,404152429680.00,16200.00,17680.00,16840.00,16200.00
67126881188552864,20210126,17420.00,16670.00,2307,9965574,173619765410.00,16670.00,18360.00,17540.00,17920.00
67126881188552864,20210127,17060.00,17400.00,1596,7338886,125083722950.00,16550.00,17690.00,17420.00,17150.00
67126881188552864,20210130,17880.00,17910.00,1173,7752488,138586772960.00,17070.00,17910.00,17060.00,17300.00
67126881188552864,20210131,18050.00,17500.00,1837,12944543,233651990430.00,17220.00,18770.00,17880.00,18770.00
67126881188552864,20210201,17750.00,17300.00,1114,3939980,68987115370.00,17300.00,18190.00,18050.00,17900.00
67126881188552864,20210202,17270.00,16880.00,1099,4461286,75835793550.00,16870.00,17750.00,17750.00,17010.00
67126881188552864,20210203,16480.00,16410.00,783,8029664,132358527100.00,16410.00,17450.00,17270.00,16500.00
67126881188552864,20210206,15680.00,15660.00,785,10170138,159442399360.00,15660.00,16500.00,16480.00,16480.00
67126881188552864,20210207,16420.00,16460.00,929,9514641,156190429670.00,15680.00,16460.00,15680.00,15680.00
67126881188552864,20210208,17000.00,16980.00,1480,10588340,180010920830.00,16400.00,17240.00,16420.00,17000.00
67126881188552864,20210209,16930.00,17070.00,1233,4572186,77222096700.00,16360.00,17360.00,17000.00,16970.00
67126881188552864,20210213,17850.00,17940.00,1635,22243816,397060992520.00,17170.00,17940.00,16930.00,17180.00
67126881188552864,20210214,17870.00,17550.00,1578,13565135,242348663010.00,17500.00,18650.00,17850.00,18200.00
67126881188552864,20210215,17580.00,17520.00,782,6493341,113957305550.00,17520.00,18100.00,17870.00,17560.00
67126881188552864,20210216,17350.00,17230.00,647,4877494,84084022150.00,17230.00,17700.00,17580.00,17590.00
67126881188552864,20210217,17020.00,17010.00,658,6865744,116808936910.00,17010.00,17390.00,17350.00,17050.00
67126881188552864,20210220,16910.00,16680.00,297,2436483,40665845620.00,16680.00,16900.00,17020.00,16680.00
67126881188552864,20210221,16740.00,16580.00,318,3787657,62822656420.00,16580.00,16870.00,16910.00,16580.00
67126881188552864,20210222,16720.00,16410.00,46,529602,8690768820.00,16410.00,16410.00,16740.00,16410.00
67126881188552864,20210223,16430.00,16410.00,604,6505779,106720861440.00,16390.00,17000.00,16720.00,16390.00
67126881188552864,20210224,16220.00,16110.00,482,4689810,75578602850.00,16110.00,16600.00,16430.00,16500.00
67126881188552864,20210227,16210.00,15900.00,81,333892,5308882800.00,15900.00,15900.00,16220.00,15900.00
67126881188552864,20210228,16150.00,15890.00,59,1441197,22900620330.00,15890.00,15890.00,16210.00,15890.00
67126881188552864,20210301,15840.00,15890.00,1225,13887293,219973659230.00,15830.00,16590.00,16150.00,15830.00
67126881188552864,20210302,15730.00,15530.00,1045,10560870,166122591020.00,15530.00,16170.00,15840.00,15750.00
67126881188552864,20210303,15510.00,15420.00,616,5830544,90061885130.00,15420.00,15940.00,15730.00,15420.00
67126881188552864,20210306,15370.00,15650.00,815,4972218,76072195410.00,15200.00,15990.00,15510.00,15220.00
67126881188552864,20210307,15710.00,15990.00,1600,5176638,82184058770.00,15170.00,16290.00,15370.00,15450.00
67126881188552864,20210308,16160.00,16100.00,1275,5486852,89655330340.00,15610.00,16650.00,15710.00,15610.00
67126881188552864,20210309,16150.00,16000.00,950,6044302,97599873980.00,15920.00,16600.00,16160.00,16000.00
67126881188552864,20210310,15850.00,15830.00,1242,8275458,131153079600.00,15830.00,16280.00,16150.00,15830.00
67126881188552864,20210313,15620.00,15780.00,3269,24050846,375659001570.00,15540.00,16100.00,15850.00,15540.00
67126881188552864,20210314,15720.00,15810.00,2916,18122109,284806012640.00,15320.00,16200.00,15620.00,15810.00
67126881188552864,20210315,15850.00,15980.00,1876,10327810,163737345890.00,15570.00,16000.00,15720.00,15900.00
67126881188552864,20210316,16640.00,16800.00,2090,19066286,317189489000.00,15760.00,16800.00,15850.00,15760.00
67126881188552864,20210317,17120.00,16990.00,2116,10141116,173640654370.00,16660.00,17630.00,16640.00,17110.00
67126881188552864,20210327,18140.00,18140.00,1083,20654415,374670840620.00,17910.00,18140.00,17120.00,18140.00
67126881188552864,20210328,18790.00,18560.00,4760,34048645,639708801960.00,18310.00,19220.00,18140.00,19220.00
67126881188552864,20210330,18670.00,18820.00,2370,11627562,217117864600.00,18420.00,19190.00,18790.00,18600.00
67126881188552864,20210331,18470.00,18410.00,1407,5874054,108282402540.00,18310.00,18850.00,18670.00,18380.00
67126881188552864,20210403,18280.00,18110.00,784,3701213,67133450390.00,18110.00,18430.00,18470.00,18300.00
67126881188552864,20210404,17970.00,17920.00,505,5542821,99327395320.00,17920.00,17930.00,18280.00,17920.00
67126881188552864,20210405,17910.00,18070.00,1464,5865160,105036542440.00,17620.00,18420.00,17970.00,17620.00
67126881188552864,20210406,17830.00,17580.00,965,3619491,64328774470.00,17560.00,18390.00,17910.00,18390.00
67126881188552864,20210407,17690.00,17480.00,550,2733715,47827613310.00,17480.00,17650.00,17830.00,17600.00
67126881188552864,20210410,17630.00,17340.00,56,1070167,18556695780.00,17340.00,17340.00,17690.00,17340.00
67126881188552864,20210411,17600.00,17280.00,32,520522,8994620160.00,17280.00,17280.00,17630.00,17280.00
67126881188552864,20210412,17430.00,17250.00,201,3245001,55976267250.00,17250.00,17250.00,17600.00,17250.00
67126881188552864,20210413,17540.00,17510.00,1544,9139128,160260525630.00,17300.00,17900.00,17430.00,17300.00
67126881188552864,20210414,17460.00,17240.00,1355,6411879,111889870280.00,17190.00,17880.00,17540.00,17350.00
67126881188552864,20210417,17440.00,17120.00,55,372729,6381120480.00,17120.00,17120.00,17460.00,17120.00
67126881188552864,20210418,17440.00,17100.00,15,16425,280867500.00,17100.00,17100.00,17440.00,17100.00
67126881188552864,20210419,17430.00,17100.00,31,158111,2703698100.00,17100.00,17100.00,17440.00,17100.00
67126881188552864,20210420,17110.00,17090.00,588,6491947,110956063390.00,17090.00,17300.00,17430.00,17090.00
67126881188552864,20210421,17030.00,16600.00,81,1075045,17845747000.00,16600.00,16600.00,17110.00,16600.00
67126881188552864,20210424,17030.00,16520.00,28,47158,779050160.00,16520.00,16520.00,17030.00,16520.00
67126881188552864,20210425,16990.00,16520.00,30,531305,8777158600.00,16520.00,16520.00,17030.00,16520.00
67126881188552864,20210426,16980.00,16490.00,36,80172,1322036280.00,16490.00,16490.00,16990.00,16490.00
67126881188552864,20210427,16510.00,16480.00,307,6617705,109059778400.00,16480.00,16480.00,16980.00,16480.00
67126881188552864,20210428,16050.00,16020.00,1306,8481088,136103740160.00,16020.00,16470.00,16510.00,16020.00
67126881188552864,20210501,15880.00,15570.00,515,2752097,42928406430.00,15570.00,16290.00,16050.00,15660.00
67126881188552864,20210502,15880.00,15410.00,41,50049,771255090.00,15410.00,15410.00,15880.00,15410.00
67126881188552864,20210503,15880.00,15410.00,20,16042,247207220.00,15410.00,15410.00,15880.00,15410.00
67126881188552864,20210505,15410.00,15410.00,682,10634032,163870780800.00,15410.00,15420.00,15880.00,15410.00
67126881188552864,20210508,15230.00,14950.00,509,3118326,46685646050.00,14950.00,15330.00,15410.00,14970.00
67126881188552864,20210509,15090.00,14780.00,178,2370960,35042788800.00,14780.00,14780.00,15230.00,14780.00
67126881188552864,20210510,14660.00,14800.00,1341,14706188,215652406320.00,14640.00,14910.00,15090.00,14640.00
67126881188552864,20210511,14680.00,14390.00,1754,8133684,119376856620.00,14230.00,15290.00,14660.00,14350.00
67126881188552864,20210512,14480.00,14240.00,1115,4692654,67362119180.00,14240.00,15000.00,14680.00,14400.00
67126881188552864,20210515,14530.00,14450.00,933,3259885,47630262280.00,13990.00,15200.00,14480.00,13990.00
67126881188552864,20210516,14480.00,14350.00,723,2131259,30542808020.00,14010.00,14670.00,14530.00,14240.00
67126881188552864,20210517,14200.00,13810.00,837,4792074,67027420100.00,13760.00,14590.00,14480.00,14400.00
67126881188552864,20210518,14010.00,13600.00,707,4132377,57111655820.00,13490.00,14300.00,14200.00,13540.00
67126881188552864,20210519,13350.00,13340.00,1123,12569059,167803389540.00,13310.00,14000.00,14010.00,14000.00
67126881188552864,20210522,13080.00,12690.00,323,3662455,46494315450.00,12690.00,12980.00,13350.00,12770.00
67126881188552864,20210523,12770.00,12430.00,249,4323910,53746201300.00,12430.00,12430.00,13080.00,12430.00
67126881188552864,20210524,12400.00,12140.00,411,5587946,68055309460.00,12140.00,12810.00,12770.00,12140.00
67126881188552864,20210525,11930.00,11840.00,2051,12721011,151713042470.00,11780.00,12500.00,12400.00,11780.00
67126881188552864,20210526,12490.00,12520.00,2026,15757484,196774017020.00,12210.00,12520.00,11930.00,12210.00
67126881188552864,20210529,13050.00,13110.00,1605,20332225,265299611160.00,12510.00,13110.00,12490.00,12660.00
67126881188552864,20210530,12630.00,12570.00,1591,13429235,169637159430.00,12400.00,13580.00,13050.00,13580.00
67126881188552864,20210531,12490.00,12300.00,624,4202360,51711371400.00,12010.00,12790.00,12630.00,12410.00
67126881188552864,20210601,12310.00,11950.00,770,4802415,58269572750.00,11880.00,12510.00,12490.00,12490.00
67126881188552864,20210602,12280.00,12300.00,919,5924585,72630571530.00,11850.00,12490.00,12310.00,11860.00
67126881188552864,20210607,12490.00,12820.00,1145,9173185,114669109300.00,12050.00,12820.00,12280.00,12310.00
67126881188552864,20210608,13060.00,12900.00,2120,34122491,445712132090.00,12550.00,13110.00,12490.00,12550.00
67126881188552864,20210609,12910.00,12790.00,979,5728026,73359043230.00,12500.00,13100.00,13060.00,12890.00
67126881188552864,20210612,12480.00,12270.00,1012,8406157,104518069750.00,12270.00,12970.00,12910.00,12350.00
67126881188552864,20210613,12200.00,12250.00,1056,8811819,107415206970.00,11990.00,12860.00,12480.00,12050.00
67126881188552864,20210614,12280.00,12200.00,1287,8974309,110253575820.00,12060.00,12780.00,12200.00,12300.00
67126881188552864,20210615,12140.00,11940.00,932,5185894,62335763600.00,11900.00,12420.00,12280.00,12420.00
67126881188552864,20210616,12100.00,12010.00,626,2825599,33920550080.00,11700.00,12200.00,12140.00,12000.00
67126881188552864,20210619,12110.00,12120.00,844,5361447,65015872040.00,11940.00,12300.00,12100.00,12060.00
67126881188552864,20210620,12050.00,12050.00,820,8310091,99995689890.00,11920.00,12290.00,12110.00,12270.00
67126881188552864,20210621,12550.00,12650.00,1448,19532375,245186747430.00,11930.00,12650.00,12050.00,12010.00
67126881188552864,20210622,13160.00,13170.00,1019,20874385,274657594990.00,12650.00,13170.00,12550.00,13040.00
67126881188552864,20210623,13660.00,13810.00,2356,23535710,321523484250.00,13000.00,13810.00,13160.00,13400.00
67126881188552864,20210626,13960.00,13790.00,1779,12733164,177726113600.00,13660.00,14230.00,13660.00,14000.00
67126881188552864,20210627,13870.00,13600.00,1073,5653071,78119541940.00,13500.00,14280.00,13960.00,13930.00
67126881188552864,20210628,13740.00,13650.00,1014,5160625,70406242950.00,13310.00,13870.00,13870.00,13800.00
67126881188552864,20210629,13750.00,13580.00,931,5916683,81401853870.00,13460.00,14030.00,13740.00,13650.00
67126881188552864,20210630,13930.00,13760.00,1069,11593164,161478542570.00,13460.00,14040.00,13750.00,13550.00
67126881188552864,20210703,13770.00,13240.00,1062,7997764,110029114710.00,13240.00,14190.00,13930.00,13930.00
67126881188552864,20210704,13670.00,13600.00,663,4733248,64344231010.00,13100.00,13770.00,13770.00,13240.00
67126881188552864,20210705,13870.00,14040.00,944,8022264,111400613110.00,13200.00,14150.00,13670.00,13700.00
67126881188552864,20210706,14480.00,14560.00,534,8534072,123618575290.00,14000.00,14560.00,13870.00,14000.00
67126881188552864,20210707,15100.00,15200.00,447,7413516,112685443200.00,15200.00,15200.00,14480.00,15200.00
67126881188552864,20210710,15850.00,15850.00,6045,106197931,1683088825250.00,15650.00,15850.00,15100.00,15850.00
67126881188552864,20210711,16110.00,15980.00,3437,23265778,374894395920.00,15850.00,16440.00,15850.00,15900.00
67126881188552864,20210712,16840.00,16690.00,3733,49360988,831377421210.00,15810.00,16910.00,16110.00,16150.00
67126881188552864,20210713,16530.00,16320.00,1755,11981683,198039422060.00,16260.00,16900.00,16840.00,16900.00
67126881188552864,20210714,17270.00,17350.00,5330,40664648,702219629810.00,16250.00,17350.00,16530.00,16500.00
67126881188552864,20210717,17130.00,16800.00,2329,12599811,215828875600.00,16710.00,18060.00,17270.00,18060.00
67126881188552864,20210718,17010.00,16990.00,1550,10140035,172444112360.00,16550.00,17500.00,17130.00,16650.00
67126881188552864,20210719,17800.00,17860.00,2508,33431872,595230221220.00,17030.00,17860.00,17010.00,17030.00
67126881188552864,20210726,17800.00,17860.00,0,0,0.00,0.00,0.00,17800.00,0.00
67126881188552864,20210727,17800.00,17860.00,0,0,0.00,0.00,0.00,17800.00,0.00
67126881188552864,20210728,17490.00,17400.00,1637,11821086,206798603440.00,17130.00,17990.00,17800.00,17990.00
67126881188552864,20210731,18070.00,18360.00,2170,20063024,362462780950.00,16640.00,18360.00,17490.00,17700.00
67126881188552864,20210801,18310.00,18170.00,1500,8192430,150021655850.00,18070.00,18840.00,18070.00,18840.00
67126881188552864,20210802,18120.00,18050.00,2282,13737196,248869171300.00,17850.00,18860.00,18310.00,18650.00
67126881188552864,20210803,18020.00,17720.00,1167,7226718,130222391210.00,17700.00,18360.00,18120.00,17880.00
67126881188552864,20210804,18400.00,18420.00,1415,10664629,196262802840.00,17620.00,18900.00,18020.00,17870.00
67126881188552864,20210807,17920.00,18000.00,1355,8097647,145086759750.00,17750.00,18890.00,18400.00,18800.00
67126881188552864,20210808,18610.00,18550.00,1666,9785118,182142649220.00,17780.00,18810.00,17920.00,18000.00
67126881188552864,20210809,19440.00,19540.00,1763,28156470,547274903510.00,18330.00,19540.00,18610.00,18690.00
67126881188552864,20210810,20310.00,20410.00,3187,39124729,794742091090.00,19020.00,20410.00,19440.00,19700.00
67126881188552864,20210811,20650.00,20460.00,2524,15474641,319518850410.00,19990.00,21290.00,20310.00,20400.00
67126881188552864,20210814,19660.00,19620.00,3621,43327426,851881194490.00,19620.00,20740.00,20650.00,20740.00
67126881188552864,20210815,19660.00,19620.00,0,0,0.00,0.00,0.00,19660.00,0.00
67126881188552864,20210822,19600.00,19340.00,821,3811243,74570612630.00,19210.00,19900.00,19660.00,19600.00
67126881188552864,20210823,19090.00,19310.00,2744,18563927,354380440280.00,18620.00,19610.00,19600.00,19300.00
67126881188552864,20210824,19830.00,19790.00,2517,20503218,406631536350.00,19110.00,20040.00,19090.00,19110.00
67126881188552864,20210825,19760.00,19800.00,2078,8529091,168557830010.00,19200.00,20420.00,19830.00,20420.00
67126881188552864,20210828,19700.00,19680.00,2852,13444887,264802653420.00,19500.00,20150.00,19760.00,19800.00
67126881188552864,20210829,19140.00,18720.00,2219,12519724,239597357200.00,18720.00,20140.00,19700.00,20140.00
67126881188552864,20210830,18200.00,18190.00,1100,14242749,259181686260.00,18190.00,18720.00,19140.00,18310.00
67126881188552864,20210831,17420.00,17400.00,2499,18501390,322287319840.00,17290.00,17940.00,18200.00,17300.00
67126881188552864,20210901,17990.00,18290.00,1371,11588286,208527247690.00,17040.00,18290.00,17420.00,17040.00
67126881188552864,20210904,18500.00,18150.00,1219,7557777,139800456470.00,18010.00,18880.00,17990.00,18730.00
67126881188552864,20210905,19290.00,19420.00,2775,55702064,1074653373380.00,17750.00,19420.00,18500.00,18250.00
67126881188552864,20210906,19500.00,19100.00,3424,31769871,619376117350.00,19100.00,19800.00,19290.00,19660.00
67126881188552864,20210907,18990.00,18990.00,1424,7961994,151173750160.00,18660.00,19350.00,19500.00,19000.00
67126881188552864,20210908,19120.00,19300.00,1819,11658695,222939402160.00,18610.00,19490.00,18990.00,19000.00
67126881188552864,20210911,20070.00,20000.00,6904,141762988,2844602973110.00,19850.00,20070.00,19120.00,20070.00
67126881188552864,20210912,19630.00,19940.00,3158,30784287,604328035510.00,19070.00,20290.00,20070.00,19980.00
67126881188552864,20210913,19530.00,19400.00,1772,15044835,293759170810.00,18850.00,20100.00,19630.00,20000.00
67126881188552864,20210914,19610.00,19510.00,2677,16883470,331112720830.00,19350.00,19950.00,19530.00,19410.00
67126881188552864,20210915,19120.00,18830.00,1812,13027068,249114295420.00,18830.00,19540.00,19610.00,19200.00
67126881188552864,20210918,18240.00,18320.00,1963,43989272,802222467580.00,18170.00,19000.00,19120.00,18900.00
67126881188552864,20210919,18240.00,18320.00,0,0,0.00,0.00,0.00,18240.00,0.00
67126881188552864,20210920,18240.00,18320.00,0,0,0.00,0.00,0.00,18240.00,0.00
67126881188552864,20210921,18240.00,18320.00,0,0,0.00,0.00,0.00,18240.00,0.00
67126881188552864,20210922,17930.00,17820.00,1121,18941503,339531639080.00,17600.00,18320.00,18240.00,17600.00
67126881188552864,20210925,17870.00,18080.00,1476,9848465,175944389400.00,17600.00,18400.00,17930.00,17650.00
67126881188552864,20210926,18670.00,18110.00,3584,29630517,553147260870.00,18110.00,18760.00,17870.00,18760.00
67126881188552864,20210928,18250.00,18320.00,1734,16645700,303760617640.00,18100.00,18980.00,18670.00,18110.00
67126881188552864,20210929,18300.00,18300.00,1651,5963266,109141625850.00,18060.00,18790.00,18250.00,18480.00
67126881188552864,20211002,18430.00,18360.00,1379,8577701,158110651540.00,18100.00,19000.00,18300.00,18300.00
67126881188552864,20211003,18270.00,18160.00,1857,20864268,381149168100.00,17900.00,18800.00,18430.00,18690.00
67126881188552864,20211004,18270.00,18160.00,0,0,0.00,0.00,0.00,18270.00,0.00
67126881188552864,20211006,18270.00,18160.00,0,0,0.00,0.00,0.00,18270.00,0.00
67126881188552864,20211009,18120.00,18010.00,0,0,0.00,0.00,0.00,18120.00,0.00
67126881188552864,20211010,17690.00,17600.00,532,6232097,110086618190.00,17130.00,18000.00,18120.00,17790.00
67126881188552864,20211011,17590.00,17280.00,877,3960565,69398534950.00,17230.00,18170.00,17690.00,17250.00
67126881188552864,20211012,16740.00,16720.00,1305,21363151,357548626260.00,16720.00,17700.00,17590.00,16850.00
67126881188552864,20211013,16530.00,16700.00,714,3986315,65364633200.00,16030.00,17000.00,16740.00,16720.00
67126881188552864,20211016,17130.00,16940.00,888,10087026,172827541480.00,16200.00,17350.00,16530.00,16490.00
67126881188552864,20211017,16790.00,16380.00,922,4211288,69641269330.00,16280.00,17560.00,17130.00,16710.00
67126881188552864,20211018,16710.00,16950.00,1125,8497017,141988031240.00,16000.00,17400.00,16790.00,16290.00
67126881188552864,20211019,16720.00,16530.00,850,5294168,88553701730.00,16520.00,17450.00,16710.00,16520.00
67126881188552864,20211020,16330.00,16110.00,824,5585684,90564698860.00,16100.00,16960.00,16720.00,16450.00
67126881188552864,20211023,15520.00,15520.00,769,10900591,169215941530.00,15520.00,16020.00,16330.00,16000.00
67126881188552864,20211025,15090.00,14790.00,930,5707601,85386215720.00,14760.00,15410.00,15520.00,14830.00
67126881188552864,20211026,15040.00,14960.00,887,6854966,103054374010.00,14440.00,15440.00,15090.00,14440.00
67126881188552864,20211027,14980.00,14790.00,741,3681669,54964322450.00,14750.00,15210.00,15040.00,14800.00
67126881188552864,20211030,14690.00,14530.00,1122,5576338,81216794690.00,14350.00,14970.00,14980.00,14360.00
67126881188552864,20211031,13970.00,13960.00,775,14152378,197730775830.00,13960.00,14450.00,14690.00,14020.00
67126881188552864,20211101,14030.00,13800.00,673,3380931,47689777150.00,13800.00,14550.00,13970.00,13980.00
67126881188552864,20211102,14070.00,14330.00,408,1457934,20778745620.00,14030.00,14390.00,14030.00,14080.00
67126881188552864,20211103,14590.00,14770.00,667,7107169,104127908430.00,14030.00,14770.00,14070.00,14030.00
67126881188552864,20211106,14880.00,15310.00,306,3364359,51432669130.00,14830.00,15310.00,14590.00,15210.00
67126881188552864,20211107,15600.00,15620.00,1636,20503090,319834440720.00,15350.00,15620.00,14880.00,15620.00
67126881188552864,20211108,16250.00,16360.00,1886,16774938,272534260840.00,15360.00,16380.00,15600.00,15810.00
67126881188552864,20211109,16260.00,16110.00,824,2436281,39640841100.00,15760.00,16810.00,16250.00,16020.00
67126881188552864,20211110,16930.00,17060.00,1144,8262940,139871054170.00,16000.00,17070.00,16260.00,16000.00
67126881188552864,20211113,16890.00,16910.00,864,4293912,72415971800.00,16200.00,17180.00,16930.00,16800.00
67126881188552864,20211114,17370.00,17220.00,1012,5680491,99310494890.00,16430.00,17730.00,16890.00,16800.00
67126881188552864,20211115,16560.00,16510.00,1158,13259227,219515331920.00,16510.00,17690.00,17370.00,17500.00
67126881188552864,20211116,16490.00,16250.00,485,2590698,42375129770.00,16000.00,16880.00,16560.00,16470.00
67126881188552864,20211117,16470.00,16440.00,417,1820471,29847386350.00,16060.00,16710.00,16490.00,16060.00
67126881188552864,20211120,15820.00,15650.00,1020,6383042,100397528980.00,15650.00,16290.00,16470.00,16290.00
67126881188552864,20211121,15840.00,15880.00,523,3213384,50988311670.00,15110.00,16140.00,15820.00,15810.00
67126881188552864,20211122,15920.00,15800.00,579,2987948,47926169770.00,15590.00,16290.00,15840.00,16000.00
67126881188552864,20211123,15900.00,15920.00,454,1826205,28956491880.00,15450.00,16280.00,15920.00,15450.00
67126881188552864,20211124,15580.00,15700.00,651,6035978,93653128950.00,15190.00,15910.00,15900.00,15910.00
67126881188552864,20211127,15450.00,15300.00,405,2439779,37043696620.00,15010.00,15570.00,15580.00,15140.00
67126881188552864,20211128,15430.00,15290.00,459,3984248,61371895340.00,14720.00,15840.00,15450.00,15000.00
67126881188552864,20211129,15390.00,15230.00,545,4384091,67323144650.00,15000.00,15690.00,15430.00,15000.00
67126881188552864,20211130,15450.00,15280.00,815,5599607,86655865200.00,15100.00,15790.00,15390.00,15110.00
67126881188552864,20211201,15180.00,15000.00,605,5592174,84340200690.00,14900.00,15760.00,15450.00,15050.00
67126881188552864,20211204,15090.00,15000.00,415,3105280,46445130360.00,14700.00,15210.00,15180.00,14820.00
67126881188552864,20211205,15110.00,15090.00,433,3137075,47465167850.00,14840.00,15400.00,15090.00,15400.00
67126881188552864,20211206,15140.00,15100.00,334,2044176,31138123600.00,15000.00,15550.00,15110.00,15430.00
67126881188552864,20211207,15150.00,15150.00,373,3216529,48769609800.00,14710.00,15330.00,15140.00,14710.00
67126881188552864,20211208,15170.00,15210.00,99,1076700,16483221970.00,15100.00,15390.00,15150.00,15100.00
67126881188552864,20211211,15170.00,15210.00,0,0,0.00,0.00,0.00,15170.00,0.00
67126881188552864,20211212,15120.00,15470.00,288,2045042,30590661110.00,14420.00,15470.00,15170.00,14420.00
67126881188552864,20211213,15040.00,14510.00,572,4035504,60384692690.00,14400.00,15430.00,15120.00,15120.00
67126881188552864,20211214,15020.00,14930.00,450,2678129,40142017170.00,14390.00,15100.00,15040.00,14390.00
67126881188552864,20211215,15040.00,15300.00,465,3092872,46603191630.00,14850.00,15400.00,15020.00,15140.00
67126881188552864,20211218,15070.00,15150.00,385,2134792,32351390390.00,15040.00,15390.00,15040.00,15040.00
67126881188552864,20211219,15040.00,14820.00,291,1941195,29009939340.00,14800.00,15200.00,15070.00,15000.00
67126881188552864,20211220,15100.00,15300.00,434,3255458,49432992250.00,14610.00,15400.00,15040.00,14610.00
67126881188552864,20211221,15100.00,15300.00,0,0,0.00,0.00,0.00,15100.00,15790.00
67126881188552864,20211222,15370.00,15850.00,153,2907083,46077265550.00,15850.00,15850.00,15100.00,15850.00
67126881188552864,20211225,16120.00,15900.00,1131,16469328,265429794110.00,15900.00,16130.00,15370.00,16130.00
67126881188552864,20211226,16000.00,16340.00,827,6959750,111275345610.00,15620.00,16440.00,16120.00,15630.00
67126881188552864,20211227,16190.00,16200.00,550,3704322,60737302020.00,16070.00,16760.00,16000.00,16470.00
67126881188552864,20211228,16340.00,16460.00,553,3584950,59180962200.00,16000.00,16770.00,16190.00,16190.00
67126881188552864,20211229,16450.00,16150.00,608,5756303,94885064390.00,16140.00,16900.00,16340.00,16370.00
67126881188552864,20220101,16400.00,16610.00,568,3137747,51273297210.00,15660.00,16750.00,16450.00,16100.00
67126881188552864,20220102,16360.00,16160.00,605,4365111,71287881260.00,16100.00,16700.00,16400.00,16400.00
67126881188552864,20220103,16290.00,16030.00,392,2541393,41074194580.00,16010.00,16440.00,16360.00,16360.00
67126881188552864,20220104,16240.00,16100.00,247,1948912,31383728930.00,15790.00,16230.00,16290.00,16120.00
67126881188552864,20220105,16350.00,16440.00,553,4310714,70826478880.00,15930.00,16750.00,16240.00,16200.00
67126881188552864,20220108,16340.00,16210.00,466,6058861,98990917730.00,16150.00,16600.00,16350.00,16160.00
67126881188552864,20220109,16340.00,16210.00,0,0,0.00,0.00,0.00,16340.00,0.00
67126881188552864,20220110,16340.00,16210.00,0,0,0.00,0.00,0.00,16340.00,0.00
67126881188552864,20220111,16320.00,15900.00,134,344651,5473285650.00,15840.00,16210.00,16340.00,16210.00
67126881188552864,20220112,16290.00,16300.00,518,3463729,56293076770.00,15580.00,16500.00,16320.00,15760.00
67126881188552864,20220115,16120.00,15700.00,365,2971458,47150830440.00,15700.00,16290.00,16290.00,15820.00
67126881188552864,20220116,15880.00,15760.00,581,4052704,63550618320.00,15390.00,16180.00,16120.00,15390.00
67126881188552864,20220117,15810.00,15620.00,830,3682203,57953722800.00,15330.00,16040.00,15880.00,15330.00
67126881188552864,20220118,15060.00,15020.00,1326,9728800,146506755960.00,15020.00,15990.00,15810.00,15990.00
67126881188552864,20220119,14980.00,14950.00,404,3966377,59148908490.00,14600.00,15480.00,15060.00,14600.00
67126881188552864,20220122,14350.00,14240.00,737,7873137,112930240370.00,14240.00,15220.00,14980.00,14600.00
67126881188552864,20220123,14220.00,13800.00,324,2388592,33232981720.00,13640.00,14280.00,14350.00,13740.00
67126881188552864,20220124,14120.00,14030.00,345,2789473,38898676670.00,13600.00,14430.00,14220.00,13860.00
67126881188552864,20220125,13610.00,13420.00,330,5961944,80058918900.00,13420.00,13800.00,14120.00,13800.00
67126881188552864,20220126,13630.00,13660.00,395,2804894,38328985020.00,13160.00,14290.00,13610.00,13160.00
67126881188552864,20220129,14040.00,14310.00,482,5561711,79390999350.00,13510.00,14310.00,13630.00,13940.00
67126881188552864,20220130,14010.00,13880.00,575,2900421,40425432890.00,13550.00,14380.00,14040.00,14380.00
67126881188552864,20220131,14300.00,14710.00,601,7323224,105164092980.00,13600.00,14710.00,14010.00,14010.00
67126881188552864,20220201,14250.00,14100.00,456,3713427,52635397630.00,13980.00,14900.00,14300.00,14900.00
67126881188552864,20220202,14240.00,14230.00,242,817337,11546016210.00,13900.00,14390.00,14250.00,14140.00
67126881188552864,20220205,14210.00,14000.00,320,1112488,15584586850.00,13900.00,14460.00,14240.00,14240.00
67126881188552864,20220206,13510.00,13500.00,537,8822719,119205401490.00,13500.00,14210.00,14210.00,14210.00
67126881188552864,20220207,13500.00,13460.00,418,1769574,23826312970.00,13020.00,13650.00,13510.00,13020.00
67126881188552864,20220208,13490.00,13370.00,337,1832260,24684933680.00,13300.00,13800.00,13500.00,13460.00
67126881188552864,20220209,13470.00,13470.00,423,2293542,30743971940.00,13160.00,13570.00,13490.00,13300.00
67126881188552864,20220212,13450.00,13340.00,360,1373818,18298992540.00,13210.00,13590.00,13470.00,13210.00
67126881188552864,20220213,13160.00,12960.00,508,5612660,72915973890.00,12780.00,13390.00,13450.00,13000.00
67126881188552864,20220214,13090.00,12860.00,1655,3744790,48685186860.00,12860.00,13200.00,13160.00,13000.00
67126881188552864,20220216,13000.00,12970.00,1152,3340782,42951089020.00,12560.00,13170.00,13090.00,12760.00
67126881188552864,20220219,12990.00,12980.00,782,1474592,19100661260.00,12840.00,13140.00,13000.00,13070.00
67126881188552864,20220220,12790.00,12620.00,607,4505256,56648689690.00,12420.00,13000.00,12990.00,12990.00
67126881188552864,20220221,12760.00,12890.00,936,11806145,150629803050.00,12510.00,12950.00,12790.00,12510.00
67126881188552864,20220222,12860.00,12950.00,660,5520258,71354375800.00,12750.00,13200.00,12760.00,12900.00
67126881188552864,20220223,13230.00,13250.00,1206,8833250,116976979210.00,12930.00,13490.00,12860.00,13190.00
67126881188552864,20220226,13150.00,12940.00,1147,4360439,56936452730.00,12910.00,13330.00,13230.00,13240.00
67126881188552864,20220227,13140.00,13080.00,312,2237533,29326417820.00,12720.00,13180.00,13150.00,12720.00
67126881188552864,20220228,13140.00,13060.00,380,2235297,29389329600.00,13020.00,13200.00,13140.00,13190.00
67126881188552864,20220302,13100.00,12910.00,433,2884541,37515346310.00,12910.00,13200.00,13140.00,13100.00
67126881188552864,20220305,13080.00,12990.00,498,2008402,26146066050.00,12750.00,13160.00,13100.00,12750.00
67126881188552864,20220306,13590.00,13730.00,893,12513217,169995829140.00,12910.00,13730.00,13080.00,12970.00
67126881188552864,20220307,13660.00,13700.00,544,4487463,61602961950.00,13400.00,14130.00,13590.00,13960.00
67126881188552864,20220308,13590.00,13600.00,320,3758287,50680412040.00,13100.00,13660.00,13660.00,13200.00
67126881188552864,20220309,13550.00,13450.00,403,2662275,35858566600.00,13310.00,13730.00,13590.00,13660.00
67126881188552864,20220312,13490.00,13200.00,380,3356512,44981888430.00,13020.00,13560.00,13550.00,13290.00
67126881188552864,20220313,13390.00,13100.00,398,3795585,50274050210.00,13000.00,13530.00,13490.00,13000.00
67126881188552864,20220314,13280.00,13390.00,458,4438747,58423814230.00,13000.00,13400.00,13390.00,13390.00
67126881188552864,20220315,13250.00,13150.00,236,3922868,51805083940.00,13010.00,13420.00,13280.00,13090.00
67126881188552864,20220316,13250.00,13350.00,284,2242392,29679799310.00,13050.00,13380.00,13250.00,13050.00
67126881188552864,20220319,13890.00,13910.00,508,8896873,123669014150.00,13120.00,13910.00,13250.00,13200.00
67126881188552864,20220326,13890.00,13910.00,0,0,0.00,0.00,0.00,13890.00,0.00
67126881188552864,20220327,13890.00,13910.00,0,0,0.00,0.00,0.00,13890.00,0.00
67126881188552864,20220328,13890.00,13910.00,0,0,0.00,0.00,0.00,13890.00,0.00
67126881188552864,20220329,13890.00,13910.00,0,0,0.00,0.00,0.00,13890.00,0.00
67126881188552864,20220330,14580.00,14580.00,347,9799251,142873079580.00,14580.00,14580.00,13890.00,14580.00
67126881188552864,20220403,14930.00,15300.00,216,3976984,60847855200.00,15300.00,15300.00,14580.00,15300.00
67126881188552864,20220404,15640.00,15670.00,2424,48851502,763864918220.00,15100.00,15670.00,14930.00,15670.00
67126881188552864,20220405,16050.00,15900.00,1647,20129641,323070584190.00,15700.00,16300.00,15640.00,15890.00
67126881188552864,20220406,15430.00,15250.00,1228,10707695,165270084090.00,15250.00,16190.00,16050.00,16190.00
67126881188552864,20220409,15460.00,15460.00,620,3368073,52189220310.00,15020.00,15690.00,15430.00,15200.00
67126881188552864,20220410,15640.00,15620.00,711,5030370,79165905590.00,15260.00,15920.00,15460.00,15260.00
67126881188552864,20220411,15630.00,15650.00,504,3528600,55140561750.00,15540.00,15910.00,15640.00,15540.00
67126881188552864,20220412,15270.00,15000.00,720,5282787,79776679070.00,14950.00,15600.00,15630.00,15600.00
67126881188552864,20220413,15210.00,15220.00,526,3185353,48136179130.00,15000.00,15400.00,15270.00,15270.00
67126881188552864,20220416,15820.00,15970.00,1298,13934303,220480392960.00,15000.00,15970.00,15210.00,15300.00
67126881188552864,20220417,16200.00,16390.00,1103,6430658,104760367060.00,15920.00,16470.00,15820.00,16230.00
67126881188552864,20220418,16930.00,16580.00,1303,11384114,192726765170.00,16240.00,17170.00,16200.00,16420.00
67126881188552864,20220419,16740.00,16700.00,841,6625994,110670159500.00,16300.00,17040.00,16930.00,16670.00
67126881188552864,20220420,16650.00,16480.00,679,3231884,53377580530.00,16240.00,17080.00,16740.00,17000.00
67126881188552864,20220424,16650.00,16860.00,764,5702780,94972833130.00,16200.00,17020.00,16650.00,16600.00
67126881188552864,20220425,17620.00,17640.00,1574,38607893,680143080790.00,16740.00,17640.00,16650.00,17000.00
67126881188552864,20220426,17800.00,17620.00,1833,21381035,380482348090.00,17530.00,18210.00,17620.00,17980.00
67126881188552864,20220427,17340.00,17290.00,1224,7063393,122425127520.00,17190.00,17800.00,17800.00,17800.00
67126881188552864,20220430,17180.00,17080.00,748,5098807,87332376300.00,16900.00,17420.00,17340.00,17020.00
67126881188552864,20220501,17170.00,17400.00,590,4184231,71784854410.00,16900.00,17700.00,17180.00,16900.00
67126881188552864,20220502,17940.00,17800.00,1218,10391800,186445582600.00,16860.00,18200.00,17170.00,16860.00
67126881188552864,20220507,17960.00,17830.00,712,6566888,117949330330.00,17600.00,18420.00,17940.00,17900.00
67126881188552864,20220508,17970.00,18090.00,632,3660241,65781411950.00,17710.00,18100.00,17960.00,17710.00
67126881188552864,20220509,17360.00,17150.00,836,9434396,163744923830.00,17120.00,17890.00,17970.00,17810.00
67126881188552864,20220510,17220.00,17050.00,566,3440820,58805541730.00,16740.00,17450.00,17360.00,17450.00
67126881188552864,20220511,17370.00,17410.00,667,7324734,127234375220.00,17010.00,17600.00,17220.00,17010.00
67126881188552864,20220514,17410.00,17340.00,684,4765345,83065134280.00,17290.00,17900.00,17370.00,17890.00
67126881188552864,20220515,17260.00,17200.00,1555,4251008,72972379680.00,16630.00,17490.00,17410.00,17470.00
67126881188552864,20220516,17320.00,17420.00,1299,4723833,81964116380.00,17000.00,17860.00,17260.00,17220.00
67126881188552864,20220517,17430.00,17320.00,1331,5041006,88041761780.00,17290.00,17740.00,17320.00,17700.00
67126881188552864,20220518,17150.00,17350.00,1225,5727056,97872054010.00,16850.00,17350.00,17430.00,17220.00
67126881188552864,20220521,17110.00,17070.00,1258,4276685,73078851130.00,16820.00,17200.00,17150.00,16900.00
67126881188552864,20220522,17150.00,17180.00,678,2188592,37698762960.00,17110.00,17520.00,17110.00,17110.00
67126881188552864,20220523,16800.00,16680.00,691,4275230,70854011800.00,16230.00,17350.00,17150.00,17150.00
67126881188552864,20220524,17610.00,17800.00,1549,29254676,515320861220.00,16130.00,17800.00,16800.00,16130.00
67126881188552864,20220525,18540.00,18410.00,3514,25376776,470398043220.00,17660.00,18660.00,17610.00,18660.00
67126881188552864,20220528,17900.00,17500.00,1548,12185603,218104636260.00,17430.00,18860.00,18540.00,18650.00
67126881188552864,20220529,17450.00,17260.00,754,4751261,82122938610.00,16980.00,17900.00,17900.00,17060.00
67126881188552864,20220530,17290.00,17190.00,908,5210175,89859196330.00,17020.00,17500.00,17450.00,17500.00
67126881188552864,20220531,17300.00,17300.00,415,3090716,53473553590.00,16900.00,17500.00,17290.00,16900.00
67126881188552864,20220601,17680.00,17860.00,762,6719299,118778401200.00,17050.00,18090.00,17300.00,17300.00
67126881188552864,20220606,17300.00,17230.00,624,5779270,99576044120.00,17000.00,17680.00,17680.00,17680.00
67126881188552864,20220607,17380.00,17350.00,448,3069495,53646384360.00,16980.00,17900.00,17300.00,17200.00
67126881188552864,20220608,17390.00,17360.00,460,4957628,86235253400.00,17030.00,17590.00,17380.00,17350.00
67126881188552864,20220611,17380.00,17400.00,674,3120356,54211290760.00,17100.00,17500.00,17390.00,17420.00
67126881188552864,20220612,17440.00,17480.00,424,2034946,35748482270.00,17250.00,17940.00,17380.00,17270.00
67126881188552864,20220613,17610.00,17600.00,509,4254686,75385902420.00,17440.00,18120.00,17440.00,17440.00
67126881188552864,20220614,18060.00,18100.00,985,9831112,177534344520.00,17320.00,18660.00,17610.00,17320.00
67126881188552864,20220615,18000.00,18050.00,456,2862092,51257503200.00,17760.00,18090.00,18060.00,18000.00
67126881188552864,20220618,18020.00,17990.00,530,2708581,48912385480.00,17670.00,18300.00,18000.00,17750.00
67126881188552864,20220619,18010.00,17800.00,324,1579402,28374135480.00,17530.00,18130.00,18020.00,18000.00
67126881188552864,20220620,17930.00,17770.00,607,3421262,61072543720.00,17610.00,18090.00,18010.00,17620.00
67126881188552864,20220621,17810.00,17640.00,344,1835544,32118863800.00,17350.00,18040.00,17930.00,17570.00
67126881188552864,20220622,17600.00,17220.00,415,2563171,44275920900.00,17060.00,17600.00,17810.00,17080.00
67126881188552864,20220625,17460.00,17060.00,381,2160101,37043667560.00,17050.00,17420.00,17600.00,17100.00
67126881188552864,20220626,17160.00,16900.00,517,4147854,70349086550.00,16800.00,17110.00,17460.00,17020.00
67126881188552864,20220627,17120.00,17050.00,454,4113712,70337097260.00,16750.00,17250.00,17160.00,16760.00
67126881188552864,20220628,17060.00,17000.00,690,14271250,243512131260.00,16910.00,17230.00,17120.00,16920.00
67126881188552864,20220629,17040.00,16890.00,459,1919370,32577048920.00,16760.00,17150.00,17060.00,16980.00
67126881188552864,20220702,16880.00,16840.00,545,1830550,30044725890.00,16160.00,16900.00,17040.00,16900.00
67126881188552864,20220703,16830.00,16570.00,472,3297213,55270299510.00,16240.00,16900.00,16880.00,16840.00
67126881188552864,20220704,16790.00,16600.00,396,2964221,49627718070.00,16520.00,16840.00,16830.00,16520.00
67126881188552864,20220705,16620.00,16300.00,466,4785367,79184006220.00,16300.00,16800.00,16790.00,16510.00
67126881188552864,20220706,16450.00,16190.00,418,3074487,49888860380.00,16160.00,16430.00,16620.00,16180.00
67126881188552864,20220709,16330.00,16010.00,338,3091132,50003653450.00,15900.00,16460.00,16450.00,16140.00
67126881188552864,20220711,16150.00,15610.00,467,2271144,35761404270.00,15560.00,16300.00,16330.00,16300.00
67126881188552864,20220712,15960.00,15830.00,340,4412660,69876034160.00,15510.00,15930.00,16150.00,15510.00
67126881188552864,20220713,15660.00,15350.00,621,5202799,80865972700.00,15010.00,15970.00,15960.00,15850.00
67126881188552864,20220716,15570.00,15390.00,514,2083223,31896339360.00,15100.00,15600.00,15660.00,15460.00
67126881188552864,20220717,15440.00,14970.00,1418,2000941,30191406240.00,14900.00,15580.00,15570.00,15030.00
67126881188552864,20220719,15290.00,15070.00,623,3497689,52822481260.00,14750.00,15850.00,15440.00,14750.00
67126881188552864,20220720,15250.00,15100.00,592,2924331,44434502100.00,15060.00,15590.00,15290.00,15590.00
67126881188552864,20220723,15110.00,14920.00,729,4066019,60886921610.00,14770.00,15380.00,15250.00,15060.00
67126881188552864,20220724,15100.00,14760.00,347,604244,9075601470.00,14750.00,15140.00,15110.00,14910.00
67126881188552864,20220725,14890.00,14450.00,824,3260803,47599395580.00,14350.00,15000.00,15100.00,15000.00
67126881188552864,20220726,14790.00,14300.00,359,2786193,40704366530.00,14300.00,14960.00,14890.00,14750.00
67126881188552864,20220727,14740.00,14580.00,430,4031060,59230265710.00,14490.00,15190.00,14790.00,14490.00
67126881188552864,20220730,14720.00,14580.00,261,1264940,18515531010.00,14350.00,14990.00,14740.00,14350.00
67126881188552864,20220731,14650.00,14330.00,342,1929919,27854811910.00,14200.00,14800.00,14720.00,14700.00
67126881188552864,20220801,14630.00,14560.00,232,1163276,16912321710.00,14210.00,14660.00,14650.00,14210.00
67126881188552864,20220802,14640.00,14750.00,307,1867188,27400887130.00,14230.00,15060.00,14630.00,14420.00
67126881188552864,20220803,14620.00,14700.00,565,3411800,49781586470.00,14480.00,14700.00,14640.00,14650.00
67126881188552864,20220806,14700.00,14800.00,454,3193946,47374538650.00,14630.00,15200.00,14620.00,15030.00
67126881188552864,20220809,14730.00,14670.00,249,2007787,29721310840.00,14630.00,15020.00,14700.00,14630.00
67126881188552864,20220810,14680.00,14430.00,266,2694366,39312038470.00,14400.00,14870.00,14730.00,14710.00
67126881188552864,20220813,14990.00,15220.00,506,4026169,61604378730.00,14430.00,15560.00,14680.00,14500.00
67126881188552864,20220814,14980.00,14840.00,252,2096082,31364196660.00,14760.00,15220.00,14990.00,15220.00
67126881188552864,20220815,15100.00,15360.00,906,14637473,221087690840.00,14700.00,15500.00,14980.00,15420.00
67126881188552864,20220816,15320.00,15320.00,528,4130929,64207935890.00,15050.00,16000.00,15100.00,15280.00
67126881188552864,20220817,15360.00,15610.00,304,1980822,30708341260.00,15220.00,15790.00,15320.00,15790.00
67126881188552864,20220820,15300.00,15000.00,517,3465736,52767125540.00,14930.00,15500.00,15360.00,15500.00
67126881188552864,20220821,15300.00,15000.00,0,0,0.00,0.00,0.00,15300.00,0.00
67126881188552864,20220822,15230.00,14920.00,302,1142056,16933873320.00,14510.00,15610.00,15300.00,14900.00
67126881188552864,20220823,15300.00,15540.00,382,3926216,60319001550.00,14620.00,15600.00,15230.00,14620.00
67126881188552864,20220824,15450.00,15800.00,353,3197966,50126901680.00,15050.00,16100.00,15300.00,15280.00
67126881188552864,20220827,15450.00,15230.00,337,1391484,21521788750.00,15200.00,15900.00,15450.00,15900.00
67126881188552864,20220828,15420.00,15060.00,215,676086,10247016490.00,15060.00,15460.00,15450.00,15200.00
67126881188552864,20220829,15340.00,15100.00,405,2152754,32565911540.00,14880.00,15420.00,15420.00,14880.00
67126881188552864,20220830,15230.00,15080.00,394,3264870,49223130930.00,15000.00,15360.00,15340.00,15320.00
67126881188552864,20220831,15240.00,15050.00,1012,6728103,102573003870.00,14970.00,15810.00,15230.00,15060.00
67126881188552864,20220903,15090.00,14820.00,465,3759327,56130811430.00,14680.00,15300.00,15240.00,15100.00
67126881188552864,20220904,15000.00,14730.00,402,2784251,41297098280.00,14700.00,15100.00,15090.00,14720.00
67126881188552864,20220905,14970.00,14700.00,359,2581255,38518277430.00,14700.00,15090.00,15000.00,14810.00
67126881188552864,20220906,14900.00,14600.00,372,1511179,22049541900.00,14410.00,14900.00,14970.00,14700.00
67126881188552864,20220907,14780.00,14500.00,366,2401869,34853939600.00,14470.00,14700.00,14900.00,14700.00
67126881188552864,20220910,14780.00,14500.00,0,0,0.00,0.00,0.00,14780.00,0.00
67126881188552864,20220911,14780.00,14500.00,0,0,0.00,0.00,0.00,14780.00,0.00
67126881188552864,20220912,14780.00,14500.00,0,0,0.00,0.00,0.00,14780.00,0.00
67126881188552864,20220913,14780.00,14500.00,0,0,0.00,0.00,0.00,14780.00,0.00
67126881188552864,20220914,14780.00,14500.00,0,0,0.00,0.00,0.00,14780.00,0.00
67126881188552864,20220918,14780.00,14500.00,0,0,0.00,0.00,0.00,14780.00,0.00
67126881188552864,20220919,14780.00,14500.00,0,0,0.00,0.00,0.00,14780.00,0.00
67126881188552864,20220920,14780.00,14500.00,0,0,0.00,0.00,0.00,14780.00,0.00
67126881188552864,20220921,14780.00,14500.00,0,0,0.00,0.00,0.00,14780.00,0.00
67126881188552864,20220924,14780.00,14500.00,0,0,0.00,0.00,0.00,14780.00,0.00
67126881188552864,20220926,14780.00,14500.00,0,0,0.00,0.00,0.00,14780.00,0.00
67126881188552864,20220928,14780.00,14500.00,0,0,0.00,0.00,0.00,14780.00,0.00
67126881188552864,20221001,14780.00,14500.00,0,0,0.00,0.00,0.00,14780.00,0.00
67126881188552864,20221002,14780.00,14500.00,0,0,0.00,0.00,0.00,14780.00,0.00
67126881188552864,20221003,14780.00,14500.00,0,0,0.00,0.00,0.00,14780.00,0.00
67126881188552864,20221004,14780.00,14500.00,0,0,0.00,0.00,0.00,14780.00,0.00
67126881188552864,20221008,14780.00,14500.00,0,0,0.00,0.00,0.00,14780.00,0.00
67126881188552864,20221009,14780.00,14500.00,0,0,0.00,0.00,0.00,14780.00,0.00
67126881188552864,20221010,14780.00,14500.00,0,0,0.00,0.00,0.00,14780.00,0.00
67126881188552864,20221011,14780.00,14500.00,0,0,0.00,0.00,0.00,14780.00,0.00
67126881188552864,20221012,14780.00,14500.00,0,0,0.00,0.00,0.00,14780.00,0.00
67126881188552864,20221015,14780.00,14500.00,0,0,0.00,0.00,0.00,14780.00,0.00
67126881188552864,20221016,14780.00,14500.00,0,0,0.00,0.00,0.00,14780.00,0.00
67126881188552864,20221017,14780.00,14500.00,0,0,0.00,0.00,0.00,14780.00,0.00
67126881188552864,20221018,14780.00,14500.00,0,0,0.00,0.00,0.00,14780.00,0.00
67126881188552864,20221019,14780.00,14500.00,0,0,0.00,0.00,0.00,14780.00,0.00
67126881188552864,20221022,14780.00,14500.00,0,0,0.00,0.00,0.00,14780.00,0.00
67126881188552864,20221023,14430.00,14150.00,0,0,0.00,0.00,0.00,14430.00,13390.00
67126881188552864,20221024,13420.00,13420.00,259,8536197,114555763740.00,13420.00,13420.00,14430.00,13420.00
67126881188552864,20221025,12530.00,12490.00,1183,16626452,208270715620.00,12490.00,12800.00,13420.00,12490.00
67126881188552864,20221026,11690.00,11660.00,943,17121642,200155005340.00,11660.00,12030.00,12530.00,11980.00
67126881188552864,20221029,11500.00,11400.00,685,9519454,109374877020.00,11170.00,11850.00,11690.00,11680.00
67126881188552864,20221030,11700.00,12000.00,929,13275077,155316845780.00,11400.00,12150.00,11500.00,11560.00
67126881188552864,20221031,11900.00,11980.00,461,6827109,81962669200.00,11820.00,12300.00,11700.00,12290.00
67126881188552864,20221101,11990.00,12000.00,466,7717952,92800400560.00,11910.00,12190.00,11900.00,12000.00
67126881188552864,20221102,11970.00,12000.00,337,6265847,74904978560.00,11800.00,12060.00,11990.00,12000.00
67126881188552864,20221105,12510.00,12800.00,601,8447368,106560418660.00,11800.00,12800.00,11970.00,11800.00
67126881188552864,20221106,12640.00,13000.00,428,3199814,41379407380.00,12510.00,13380.00,12510.00,12540.00
67126881188552864,20221107,13410.00,13520.00,598,9479703,127509699420.00,12750.00,13520.00,12640.00,13140.00
67126881188552864,20221108,13340.00,13230.00,564,6446126,85695870490.00,13000.00,13950.00,13410.00,13950.00
67126881188552864,20221109,14130.00,14060.00,890,14373359,203077677510.00,12700.00,14270.00,13340.00,12700.00
67126881188552864,20221112,14130.00,14060.00,0,0,0.00,0.00,0.00,14130.00,0.00
67126881188552864,20221113,14130.00,14060.00,0,0,0.00,0.00,0.00,14130.00,0.00
67126881188552864,20221114,14130.00,14060.00,0,0,0.00,0.00,0.00,14130.00,0.00
67126881188552864,20221115,14130.00,14060.00,0,0,0.00,0.00,0.00,14130.00,0.00
67126881188552864,20221116,14130.00,14060.00,0,0,0.00,0.00,0.00,14130.00,0.00
67126881188552864,20221119,14130.00,14060.00,0,0,0.00,0.00,0.00,14130.00,0.00
67126881188552864,20221120,14130.00,14060.00,0,0,0.00,0.00,0.00,14130.00,0.00
67126881188552864,20221121,14130.00,14060.00,0,0,0.00,0.00,0.00,14130.00,0.00
67126881188552864,20221122,14130.00,14060.00,0,0,0.00,0.00,0.00,14130.00,0.00
67126881188552864,20221123,14130.00,14060.00,0,0,0.00,0.00,0.00,14130.00,0.00
67126881188552864,20221126,14130.00,14060.00,0,0,0.00,0.00,0.00,14130.00,0.00
67126881188552864,20221127,14220.00,14710.00,409,3064056,44068126060.00,13730.00,14950.00,14130.00,14000.00
67126881188552864,20221128,14220.00,14210.00,554,3792875,53969379950.00,14020.00,14740.00,14220.00,14250.00
67126881188552864,20221129,14460.00,14630.00,719,7516168,108877279110.00,14010.00,14680.00,14220.00,14050.00
67126881188552864,20221130,14460.00,14370.00,290,3091469,44715877400.00,14170.00,14600.00,14460.00,14170.00
67126881188552864,20221203,14440.00,14340.00,161,614278,8735670230.00,14120.00,14460.00,14460.00,14450.00
67126881188552864,20221204,14310.00,14210.00,400,4244640,60225943450.00,14050.00,14260.00,14440.00,14260.00
67126881188552864,20221205,14240.00,14070.00,437,2032819,28532259590.00,13900.00,14320.00,14310.00,14130.00
67126881188552864,20221206,13960.00,13640.00,655,4689027,64470079780.00,13600.00,14090.00,14240.00,13830.00
67126881188552864,20221207,13710.00,13230.00,781,3843543,51620086390.00,13230.00,13880.00,13960.00,13540.00
67126881188552864,20221210,13620.00,13390.00,387,1938941,25769243510.00,13170.00,13570.00,13710.00,13230.00
67126881188552864,20221211,13600.00,13500.00,380,2727365,36992267230.00,13400.00,13790.00,13620.00,13640.00
67126881188552864,20221212,13540.00,13630.00,1267,12810879,173412681520.00,13310.00,13800.00,13600.00,13620.00
67126881188552864,20221213,14040.00,14250.00,768,8039717,113206577860.00,13690.00,14380.00,13540.00,13710.00
67126881188552864,20221214,14060.00,13940.00,636,7054391,99181696000.00,13930.00,14300.00,14040.00,14230.00
67126881188552864,20221217,13920.00,13720.00,622,4168686,57438375270.00,13700.00,14050.00,14060.00,14050.00
67126881188552864,20221218,14090.00,14040.00,828,7978575,112478029040.00,13680.00,14330.00,13920.00,13680.00
67126881188552864,20221219,14090.00,14040.00,0,0,0.00,0.00,0.00,14090.00,0.00
67126881188552864,20221220,14090.00,14040.00,0,0,0.00,0.00,0.00,14090.00,0.00
67126881188552864,20221221,14090.00,14040.00,0,0,0.00,0.00,0.00,14090.00,0.00
67126881188552864,20221224,14090.00,14040.00,0,0,0.00,0.00,0.00,14090.00,0.00
67126881188552864,20221225,9390.00,9360.00,0,0,0.00,0.00,0.00,9390.00,0.00
67126881188552864,20221226,9650.00,10200.00,57,5165556,51777665540.00,10020.00,10200.00,9390.00,10020.00
67126881188552864,20221228,10130.00,10320.00,337,9182223,94760541360.00,10320.00,10320.00,9650.00,10320.00
67126881188552864,20221231,10820.00,10830.00,2910,100092913,1083427925570.00,10430.00,10830.00,10130.00,10830.00
67126881188552864,20230101,10710.00,10610.00,2195,22490839,240848453630.00,10260.00,11110.00,10820.00,10820.00
67126881188552864,20230102,10740.00,10660.00,1473,20363629,218766151180.00,10600.00,10960.00,10710.00,10820.00
67126881188552864,20230103,10640.00,10450.00,949,9787640,103974351410.00,10400.00,10850.00,10740.00,10750.00
67126881188552864,20230104,10520.00,10400.00,538,6455992,67277914260.00,10150.00,10580.00,10640.00,10570.00
67126881188552864,20230107,10730.00,10720.00,818,15462137,165852409150.00,10380.00,10900.00,10520.00,10400.00
67126881188552864,20230108,11410.00,11180.00,2290,60797445,693865309710.00,10890.00,11480.00,10730.00,10900.00
67126881188552864,20230109,11320.00,11410.00,1313,18151890,205400182850.00,11050.00,11530.00,11410.00,11200.00
67126881188552864,20230110,11320.00,11280.00,914,13935382,157796588590.00,11180.00,11650.00,11320.00,11570.00
67126881188552864,20230111,11340.00,11300.00,831,14708708,166775352750.00,11120.00,11590.00,11320.00,11300.00
67126881188552864,20230114,11330.00,11470.00,691,9629699,109111980760.00,11030.00,11620.00,11340.00,11150.00
67126881188552864,20230115,11330.00,11470.00,0,0,0.00,0.00,0.00,11330.00,0.00
67126881188552864,20230116,11900.00,12120.00,1911,39853272,474388928110.00,11430.00,12120.00,11330.00,11450.00
67126881188552864,20230117,12110.00,11950.00,1501,22841426,276551365090.00,11950.00,12450.00,11900.00,12150.00
67126881188552864,20230118,12110.00,12030.00,943,6786746,82167736930.00,11870.00,12300.00,12110.00,11900.00
67126881188552864,20230121,11920.00,11930.00,831,10013066,119391446230.00,11820.00,12220.00,12110.00,12110.00
67126881188552864,20230122,11960.00,12030.00,846,11520345,137818586670.00,11720.00,12100.00,11920.00,11900.00
67126881188552864,20230123,11830.00,11610.00,816,5916974,69449601170.00,11550.00,12290.00,11960.00,12290.00
67126881188552864,20230124,11760.00,11570.00,388,3171123,36848952610.00,11420.00,11830.00,11830.00,11420.00
67126881188552864,20230125,11310.00,11230.00,790,8316760,93305026360.00,11010.00,11790.00,11760.00,11790.00
67126881188552864,20230128,11140.00,10910.00,646,8473369,94069287860.00,10900.00,11390.00,11310.00,11380.00
67126881188552864,20230129,10390.00,10370.00,742,15930982,165476339940.00,10370.00,11000.00,11140.00,11000.00
67126881188552864,20230130,10310.00,10360.00,641,5852063,59971704760.00,9880.00,10470.00,10390.00,10130.00
67126881188552864,20230131,10180.00,10350.00,1205,20550050,209299714560.00,9940.00,10600.00,10310.00,10300.00
67126881188552864,20230201,10230.00,10250.00,511,4048545,41757785970.00,10100.00,10690.00,10180.00,10520.00
67126881188552864,20230205,10120.00,9790.00,581,4585056,45621017280.00,9720.00,10550.00,10230.00,10230.00
67126881188552864,20230206,10040.00,9770.00,487,2893841,28359270730.00,9620.00,10130.00,10120.00,9620.00
67126881188552864,20230207,10010.00,10030.00,649,5442048,54253980760.00,9810.00,10230.00,10040.00,10050.00
67126881188552864,20230208,10000.00,9880.00,334,1068389,10549656300.00,9820.00,10070.00,10010.00,9860.00
67126881188552864,20230212,9980.00,9870.00,267,1479337,14512050470.00,9700.00,10080.00,10000.00,10080.00
67126881188552864,20230213,9950.00,9760.00,397,2739899,27031544570.00,9750.00,10040.00,9980.00,9820.00
67126881188552864,20230214,9790.00,9480.00,958,4746192,45318232370.00,9420.00,9710.00,9950.00,9710.00
67126881188552864,20230215,9580.00,9400.00,720,7262160,68599112810.00,9390.00,9640.00,9790.00,9640.00
67126881188552864,20230219,9560.00,9660.00,691,8715121,83285790170.00,9400.00,9680.00,9580.00,9400.00
67126881188552864,20230220,10160.00,10220.00,1407,18168503,184556695570.00,9680.00,10220.00,9560.00,9770.00
67126881188552864,20230221,10430.00,10310.00,1421,17726908,184822064120.00,10220.00,10800.00,10160.00,10440.00
67126881188552864,20230222,10300.00,10480.00,717,8682126,88906498830.00,10100.00,10530.00,10430.00,10130.00
67126881188552864,20230225,11010.00,11020.00,813,30663139,337667532660.00,10570.00,11020.00,10300.00,10570.00
67126881188552864,20230226,11570.00,11310.00,1714,29743114,344032164490.00,11040.00,11780.00,11010.00,11750.00
67126881188552864,20230227,11370.00,11160.00,1161,15262533,173597549460.00,11040.00,11630.00,11570.00,11110.00
67126881188552864,20230228,11490.00,11600.00,1290,22961624,263891411140.00,11070.00,11770.00,11370.00,11180.00
67126881188552864,20230301,12260.00,12290.00,4034,146343315,1794855266010.00,11700.00,12290.00,11490.00,12150.00
67126881188552864,20230304,12750.00,12990.00,5685,84435125,1076551923780.00,12290.00,13100.00,12260.00,12450.00
67126881188552864,20230305,13410.00,12900.00,5493,91887598,1231812448380.00,12880.00,13640.00,12750.00,13460.00
67126881188552864,20230306,12660.00,12490.00,3808,63138206,799145881690.00,12480.00,13120.00,13410.00,12910.00
67126881188552864,20230307,12540.00,12600.00,2997,39909888,500599468090.00,12210.00,12800.00,12660.00,12510.00
67126881188552864,20230311,12370.00,12190.00,2770,19559249,241859241760.00,12170.00,12900.00,12540.00,12430.00
67126881188552864,20230312,12420.00,12670.00,2049,22633130,281012635060.00,11860.00,12730.00,12370.00,12170.00
67126881188552864,20230313,12560.00,12450.00,1529,19178316,240901607840.00,12400.00,12930.00,12420.00,12670.00
67126881188552864,20230314,12750.00,12650.00,2006,17765644,226456204010.00,12480.00,12900.00,12560.00,12480.00
67126881188552864,20230315,13070.00,13400.00,2385,29826565,389730759500.00,12700.00,13570.00,12750.00,12750.00
67126881188552864,20230318,13910.00,13980.00,1965,44474132,618656984820.00,13320.00,13980.00,13070.00,13610.00
67126881188552864,20230319,13650.00,13740.00,2453,18080255,246801175530.00,13470.00,14100.00,13910.00,14100.00
67126881188552864,20230325,13700.00,13400.00,1689,14582019,199834865260.00,13360.00,14090.00,13650.00,13640.00
67126881188552864,20230326,13300.00,13010.00,2119,16187605,215365986690.00,12990.00,13820.00,13700.00,13790.00
67126881188552864,20230327,13370.00,13460.00,1720,16324565,218208156590.00,12860.00,13600.00,13300.00,13010.00
67126881188552864,20230328,13280.00,13190.00,1986,26979794,358209376770.00,13180.00,13780.00,13370.00,13570.00
67126881188552864,20230329,13860.00,14200.00,2392,29042789,402487595080.00,13050.00,14200.00,13280.00,13210.00
67126881188552864,20230403,14320.00,14400.00,2283,19464296,278686510500.00,13860.00,14540.00,13860.00,14500.00
67126881188552864,20230404,14310.00,14020.00,2173,18669670,267143341200.00,13870.00,14700.00,14320.00,14400.00
67126881188552864,20230405,14240.00,14600.00,3395,26953455,383841445900.00,13800.00,14800.00,14310.00,14100.00
67126881188552864,20230408,15220.00,15230.00,2564,71728595,1091408614520.00,14620.00,15230.00,14240.00,14810.00
67126881188552864,20230409,16060.00,16280.00,7281,129608453,2081979151610.00,15400.00,16280.00,15220.00,15680.00
67126881188552864,20230410,16150.00,15570.00,3818,41069955,663322936050.00,15220.00,17030.00,16060.00,16400.00
67126881188552864,20230411,15800.00,15830.00,2241,24567395,388122764980.00,15350.00,16130.00,16150.00,15350.00
67126881188552864,20230415,16650.00,16540.00,2854,38357611,638843952860.00,16000.00,16900.00,15800.00,16000.00
67126881188552864,20230416,16200.00,16270.00,3379,32232907,522035919750.00,15810.00,16800.00,16650.00,16800.00
67126881188552864,20230417,16110.00,16000.00,2723,22471154,362063503640.00,15810.00,16550.00,16200.00,16270.00
67126881188552864,20230418,16510.00,16440.00,3251,39099201,645658902660.00,15950.00,17220.00,16110.00,16260.00
67126881188552864,20230419,16220.00,16160.00,2271,23741991,385096580850.00,15900.00,16650.00,16510.00,16440.00
67126881188552864,20230424,16590.00,16440.00,2169,22122480,366924361920.00,15900.00,17080.00,16220.00,16240.00
67126881188552864,20230425,16970.00,16710.00,2302,20792009,352773521900.00,16460.00,17230.00,16590.00,16500.00
67126881188552864,20230426,16780.00,16590.00,1861,13563880,227572570180.00,16420.00,17200.00,16970.00,16710.00
67126881188552864,20230429,16930.00,17100.00,1969,16110658,272771513220.00,16540.00,17320.00,16780.00,16880.00
67126881188552864,20230430,17120.00,16960.00,2587,20528810,351355925420.00,16800.00,17530.00,16930.00,17300.00
67126881188552864,20230501,17560.00,17770.00,2893,35042929,615192199060.00,16800.00,18310.00,17120.00,17100.00
67126881188552864,20230502,18160.00,18230.00,2446,25440143,461911180550.00,17830.00,18500.00,17560.00,18230.00
67126881188552864,20230503,18000.00,17890.00,2181,16780955,302007998460.00,17800.00,18690.00,18160.00,18690.00
67126881188552864,20230506,18570.00,18700.00,2413,27585059,512266172600.00,17910.00,19000.00,18000.00,17910.00
67126881188552864,20230507,17520.00,17280.00,1978,32483574,569163893290.00,17280.00,19100.00,18570.00,19100.00
67126881188552864,20230508,16300.00,16300.00,1896,28079095,457754385230.00,16300.00,16500.00,17520.00,16300.00
67126881188552864,20230509,15790.00,16340.00,2010,16872102,266470662760.00,15170.00,16610.00,16300.00,15170.00
67126881188552864,20230510,14980.00,14700.00,1789,21232297,317973353170.00,14690.00,16440.00,15790.00,16110.00
67126881188552864,20230513,13980.00,13990.00,1504,14113772,197349363030.00,13940.00,14940.00,14980.00,14410.00
67126881188552864,20230514,14440.00,14880.00,1234,11824725,170734804800.00,13900.00,14890.00,13980.00,13990.00
67126881188552864,20230515,14410.00,14340.00,1115,7061014,101742793270.00,13900.00,15190.00,14440.00,15190.00
67126881188552864,20230517,14700.00,14780.00,1023,11440780,168199036120.00,14170.00,14950.00,14410.00,14400.00
67126881188552864,20230520,14580.00,14390.00,1119,4622340,67001777790.00,14180.00,15190.00,14700.00,15030.00
67126881188552864,20230521,14560.00,14580.00,695,5008163,72835878480.00,14060.00,14710.00,14580.00,14390.00
67126881188552864,20230522,14770.00,14940.00,1222,11530046,170264038710.00,14440.00,15150.00,14560.00,14720.00
67126881188552864,20230523,15170.00,15100.00,1660,13033188,197676689290.00,14700.00,15440.00,14770.00,14990.00
67126881188552864,20230524,15180.00,15160.00,1147,9449586,143461289390.00,14990.00,15400.00,15170.00,15400.00
67126881188552864,20230527,15040.00,14710.00,1278,7258326,109095402950.00,14660.00,15370.00,15180.00,15350.00
67126881188552864,20230528,14190.00,14440.00,1169,11496650,163123352400.00,14020.00,14700.00,15040.00,14310.00
67126881188552864,20230529,14250.00,14210.00,523,3842165,55009123690.00,14190.00,14500.00,14190.00,14500.00
67126881188552864,20230530,15190.00,15240.00,4314,124491249,1890578138730.00,14250.00,15240.00,14250.00,14250.00
67126881188552864,20230531,14920.00,14900.00,2053,21032359,313831490760.00,14440.00,15150.00,15190.00,15050.00
67126881188552864,20230603,14740.00,14660.00,1372,14821846,218428006610.00,14500.00,15100.00,14920.00,15000.00
67126881188552864,20230606,14520.00,14490.00,1542,13432896,195020291510.00,14350.00,14800.00,14740.00,14800.00
67126881188552864,20230607,14520.00,14440.00,530,4102773,59584983510.00,14310.00,14790.00,14520.00,14790.00
67126881188552864,20230610,13520.00,13510.00,1627,34084285,460859457680.00,13510.00,14190.00,14520.00,14100.00
67126881188552864,20230611,13320.00,13380.00,1246,8125547,108190700180.00,13000.00,13610.00,13520.00,13000.00
67126881188552864,20230612,12710.00,12600.00,1452,13112685,166721351210.00,12460.00,13670.00,13320.00,13670.00
67126881188552864,20230613,13460.00,13590.00,2962,41275856,555568801810.00,12720.00,13590.00,12710.00,12720.00
67126881188552864,20230614,13730.00,13580.00,1305,9766193,134090800080.00,13450.00,14050.00,13460.00,13800.00
67126881188552864,20230617,13580.00,13480.00,1124,14685406,199450095780.00,13280.00,13970.00,13730.00,13970.00
67126881188552864,20230618,13260.00,13270.00,1042,13182881,174851757830.00,13090.00,13580.00,13580.00,13580.00
67126881188552864,20230619,13410.00,13430.00,681,8009425,107507886980.00,13020.00,13700.00,13260.00,13020.00
67126881188552864,20230620,13370.00,13400.00,665,7242427,96747721330.00,13210.00,13560.00,13410.00,13220.00
67126881188552864,20230621,13450.00,13400.00,635,7962917,107162104930.00,13320.00,13770.00,13370.00,13770.00
67126881188552864,20230624,13350.00,13200.00,588,5101321,67677673500.00,13150.00,13630.00,13450.00,13630.00
67126881188552864,20230625,13410.00,13400.00,809,6088903,81809517560.00,13160.00,13580.00,13350.00,13160.00
67126881188552864,20230626,13400.00,13340.00,885,4665442,62433016530.00,13290.00,13560.00,13410.00,13400.00
67126881188552864,20230627,13180.00,13070.00,725,5880733,76819360670.00,12870.00,13650.00,13400.00,13650.00
67126881188552864,20230628,13060.00,12990.00,604,5748258,74729797910.00,12800.00,13200.00,13180.00,13200.00
